compatibilityTable_LtoL
          7Zip     Mfc1     Mfc2     Compar   Ppmz    
 7Zip    0.000000 2.815385 2.584615 4.138462 2.461539 
 Mfc1    2.815385 0.000000 1.353846 5.076923 2.107692 
 Mfc2    2.584615 1.353846 0.000000 4.753846 1.969231 
 Compar  4.138462 5.076923 4.753846 0.000000 4.769231 
 Ppmz    2.461539 2.107692 1.969231 4.769231 0.000000 


new_compatibilityTable_LtoL
          7Zip     Mfc1     Mfc2     Compar   Ppmz    
 7Zip    0.000000 0.175962 0.161538 0.258654 0.153846 
 Mfc1    0.175962 0.000000 0.084615 0.317308 0.131731 
 Mfc2    0.161538 0.084615 0.000000 0.297115 0.123077 
 Compar  0.258654 0.317308 0.297115 0.000000 0.298077 
 Ppmz    0.153846 0.131731 0.123077 0.298077 0.000000 


