compatibilityTable_LtoL
          7Zip     Mfc1     Mfc2     Compar   Ppmz    
 7Zip    0.000000 3.145631 2.854369 4.456311 2.796117 
 Mfc1    3.145631 0.000000 1.611650 5.446602 2.330097 
 Mfc2    2.854369 1.611650 0.000000 5.058252 2.155340 
 Compar  4.456311 5.446602 5.058252 0.000000 5.058252 
 Ppmz    2.796117 2.330097 2.155340 5.058252 0.000000 


new_compatibilityTable_LtoL
          7Zip     Mfc1     Mfc2     Compar   Ppmz    
 7Zip    0.000000 0.196602 0.178398 0.278519 0.174757 
 Mfc1    0.196602 0.000000 0.100728 0.340413 0.145631 
 Mfc2    0.178398 0.100728 0.000000 0.316141 0.134709 
 Compar  0.278519 0.340413 0.316141 0.000000 0.316141 
 Ppmz    0.174757 0.145631 0.134709 0.316141 0.000000 


