compatibilityTable_LtoL
          7Zip     Mfc1     Mfc2     Compar   Ppmz    
 7Zip    0.000000 4.529412 4.000000 4.882353 4.176471 
 Mfc1    4.529412 0.000000 2.352941 6.235294 3.764706 
 Mfc2    4.000000 2.352941 0.000000 5.764706 3.705882 
 Compar  4.882353 6.235294 5.764706 0.000000 5.882353 
 Ppmz    4.176471 3.764706 3.705882 5.882353 0.000000 


new_compatibilityTable_LtoL
          7Zip     Mfc1     Mfc2     Compar   Ppmz    
 7Zip    0.000000 0.283088 0.250000 0.305147 0.261029 
 Mfc1    0.283088 0.000000 0.147059 0.389706 0.235294 
 Mfc2    0.250000 0.147059 0.000000 0.360294 0.231618 
 Compar  0.305147 0.389706 0.360294 0.000000 0.367647 
 Ppmz    0.261029 0.235294 0.231618 0.367647 0.000000 


