compatibilityTable_LtoL
          7Zip     Mfc1     Mfc2     Compar   Ppmz    
 7Zip    0.000000 4.857143 4.095238 5.476191 4.000000 
 Mfc1    4.857143 0.000000 3.333333 6.238095 4.857143 
 Mfc2    4.095238 3.333333 0.000000 5.666667 4.761905 
 Compar  5.476191 6.238095 5.666667 0.000000 5.571429 
 Ppmz    4.000000 4.857143 4.761905 5.571429 0.000000 


new_compatibilityTable_LtoL
          7Zip     Mfc1     Mfc2     Compar   Ppmz    
 7Zip    0.000000 0.303571 0.255952 0.342262 0.250000 
 Mfc1    0.303571 0.000000 0.208333 0.389881 0.303571 
 Mfc2    0.255952 0.208333 0.000000 0.354167 0.297619 
 Compar  0.342262 0.389881 0.354167 0.000000 0.348214 
 Ppmz    0.250000 0.303571 0.297619 0.348214 0.000000 


