compatibilityTable_LtoL
          7Zip     Mfc1     Mfc2     Compar   Ppmz    
 7Zip    0.000000 3.319588 3.030928 4.628866 2.969072 
 Mfc1    3.319588 0.000000 1.690722 5.680412 2.453608 
 Mfc2    3.030928 1.690722 0.000000 5.268041 2.288660 
 Compar  4.628866 5.680412 5.268041 0.000000 5.268041 
 Ppmz    2.969072 2.453608 2.288660 5.268041 0.000000 


new_compatibilityTable_LtoL
          7Zip     Mfc1     Mfc2     Compar   Ppmz    
 7Zip    0.000000 0.207474 0.189433 0.289304 0.185567 
 Mfc1    0.207474 0.000000 0.105670 0.355026 0.153351 
 Mfc2    0.189433 0.105670 0.000000 0.329253 0.143041 
 Compar  0.289304 0.355026 0.329253 0.000000 0.329253 
 Ppmz    0.185567 0.153351 0.143041 0.329253 0.000000 


