compatibilityTable_LtoL
          7Zip     Mfc1     Mfc2     Compar   Ppmz    
 7Zip    0.000000 3.325581 2.953488 4.674418 2.860465 
 Mfc1    3.325581 0.000000 1.790698 5.720930 2.488372 
 Mfc2    2.953488 1.790698 0.000000 5.255814 2.302325 
 Compar  4.674418 5.720930 5.255814 0.000000 5.232558 
 Ppmz    2.860465 2.488372 2.302325 5.232558 0.000000 


new_compatibilityTable_LtoL
          7Zip     Mfc1     Mfc2     Compar   Ppmz    
 7Zip    0.000000 0.207849 0.184593 0.292151 0.178779 
 Mfc1    0.207849 0.000000 0.111919 0.357558 0.155523 
 Mfc2    0.184593 0.111919 0.000000 0.328488 0.143895 
 Compar  0.292151 0.357558 0.328488 0.000000 0.327035 
 Ppmz    0.178779 0.155523 0.143895 0.327035 0.000000 


