compatibilityTable_LtoL
          7Zip     Mfc1     Mfc2     Compar   Ppmz    
 7Zip    0.000000 2.625850 2.408163 3.965986 2.312925 
 Mfc1    2.625850 0.000000 1.224490 4.836735 1.986395 
 Mfc2    2.408163 1.224490 0.000000 4.551021 1.836735 
 Compar  3.965986 4.836735 4.551021 0.000000 4.537415 
 Ppmz    2.312925 1.986395 1.836735 4.537415 0.000000 


new_compatibilityTable_LtoL
          7Zip     Mfc1     Mfc2     Compar   Ppmz    
 7Zip    0.000000 0.164116 0.150510 0.247874 0.144558 
 Mfc1    0.164116 0.000000 0.076531 0.302296 0.124150 
 Mfc2    0.150510 0.076531 0.000000 0.284439 0.114796 
 Compar  0.247874 0.302296 0.284439 0.000000 0.283588 
 Ppmz    0.144558 0.124150 0.114796 0.283588 0.000000 


