compatibilityTable_LtoL
          7Zip     Mfc1     Mfc2     Compar   Ppmz    
 7Zip    0.000000 4.400000 3.866667 4.911111 3.866667 
 Mfc1    4.400000 0.000000 2.311111 6.377778 3.511111 
 Mfc2    3.866667 2.311111 0.000000 5.755556 3.333333 
 Compar  4.911111 6.377778 5.755556 0.000000 5.844444 
 Ppmz    3.866667 3.511111 3.333333 5.844444 0.000000 


new_compatibilityTable_LtoL
          7Zip     Mfc1     Mfc2     Compar   Ppmz    
 7Zip    0.000000 0.275000 0.241667 0.306944 0.241667 
 Mfc1    0.275000 0.000000 0.144444 0.398611 0.219444 
 Mfc2    0.241667 0.144444 0.000000 0.359722 0.208333 
 Compar  0.306944 0.398611 0.359722 0.000000 0.365278 
 Ppmz    0.241667 0.219444 0.208333 0.365278 0.000000 


