compatibilityTable_LtoL
          7Zip     Mfc1     Mfc2     Compar   Ppmz    
 7Zip    0.000000 2.382114 2.097561 4.032520 2.048780 
 Mfc1    2.382114 0.000000 1.073171 4.853659 1.739837 
 Mfc2    2.097561 1.073171 0.000000 4.536585 1.569106 
 Compar  4.032520 4.853659 4.536585 0.000000 4.552845 
 Ppmz    2.048780 1.739837 1.569106 4.552845 0.000000 


new_compatibilityTable_LtoL
          7Zip     Mfc1     Mfc2     Compar   Ppmz    
 7Zip    0.000000 0.148882 0.131098 0.252033 0.128049 
 Mfc1    0.148882 0.000000 0.067073 0.303354 0.108740 
 Mfc2    0.131098 0.067073 0.000000 0.283537 0.098069 
 Compar  0.252033 0.303354 0.283537 0.000000 0.284553 
 Ppmz    0.128049 0.108740 0.098069 0.284553 0.000000 


