compatibilityTable_LtoL
          7Zip     Mfc1     Mfc2     Compar   Ppmz    
 7Zip    0.000000 4.230769 3.692308 4.961538 3.730769 
 Mfc1    4.230769 0.000000 2.192308 6.384615 3.384615 
 Mfc2    3.692308 2.192308 0.000000 5.769231 3.115385 
 Compar  4.961538 6.384615 5.769231 0.000000 5.769231 
 Ppmz    3.730769 3.384615 3.115385 5.769231 0.000000 


new_compatibilityTable_LtoL
          7Zip     Mfc1     Mfc2     Compar   Ppmz    
 7Zip    0.000000 0.264423 0.230769 0.310096 0.233173 
 Mfc1    0.264423 0.000000 0.137019 0.399038 0.211538 
 Mfc2    0.230769 0.137019 0.000000 0.360577 0.194712 
 Compar  0.310096 0.399038 0.360577 0.000000 0.360577 
 Ppmz    0.233173 0.211538 0.194712 0.360577 0.000000 


