compatibilityTable_LtoL
          7Zip     Mfc1     Mfc2     Compar   Ppmz    
 7Zip    0.000000 2.387931 2.077586 4.043103 2.060345 
 Mfc1    2.387931 0.000000 1.112069 4.870690 1.784483 
 Mfc2    2.077586 1.112069 0.000000 4.534483 1.577586 
 Compar  4.043103 4.870690 4.534483 0.000000 4.551724 
 Ppmz    2.060345 1.784483 1.577586 4.551724 0.000000 


new_compatibilityTable_LtoL
          7Zip     Mfc1     Mfc2     Compar   Ppmz    
 7Zip    0.000000 0.149246 0.129849 0.252694 0.128772 
 Mfc1    0.149246 0.000000 0.069504 0.304418 0.111530 
 Mfc2    0.129849 0.069504 0.000000 0.283405 0.098599 
 Compar  0.252694 0.304418 0.283405 0.000000 0.284483 
 Ppmz    0.128772 0.111530 0.098599 0.284483 0.000000 


