compatibilityTable_LtoL
          7Zip     Mfc1     Mfc2     Compar   Ppmz    
 7Zip    0.000000 2.419889 2.187845 3.950276 2.099447 
 Mfc1    2.419889 0.000000 1.060773 4.790055 1.767956 
 Mfc2    2.187845 1.060773 0.000000 4.535912 1.602210 
 Compar  3.950276 4.790055 4.535912 0.000000 4.469613 
 Ppmz    2.099447 1.767956 1.602210 4.469613 0.000000 


new_compatibilityTable_LtoL
          7Zip     Mfc1     Mfc2     Compar   Ppmz    
 7Zip    0.000000 0.151243 0.136740 0.246892 0.131215 
 Mfc1    0.151243 0.000000 0.066298 0.299378 0.110497 
 Mfc2    0.136740 0.066298 0.000000 0.283494 0.100138 
 Compar  0.246892 0.299378 0.283494 0.000000 0.279351 
 Ppmz    0.131215 0.110497 0.100138 0.279351 0.000000 


