compatibilityTable_LtoL
          7Zip     Mfc1     Mfc2     Compar   Ppmz    
 7Zip    0.000000 2.406780 2.093220 4.093220 2.067797 
 Mfc1    2.406780 0.000000 1.101695 4.923729 1.788136 
 Mfc2    2.093220 1.101695 0.000000 4.584746 1.593220 
 Compar  4.093220 4.923729 4.584746 0.000000 4.618644 
 Ppmz    2.067797 1.788136 1.593220 4.618644 0.000000 


new_compatibilityTable_LtoL
          7Zip     Mfc1     Mfc2     Compar   Ppmz    
 7Zip    0.000000 0.150424 0.130826 0.255826 0.129237 
 Mfc1    0.150424 0.000000 0.068856 0.307733 0.111758 
 Mfc2    0.130826 0.068856 0.000000 0.286547 0.099576 
 Compar  0.255826 0.307733 0.286547 0.000000 0.288665 
 Ppmz    0.129237 0.111758 0.099576 0.288665 0.000000 


