compatibilityTable_LtoL
          7Zip     Mfc1     Mfc2     Compar   Ppmz    
 7Zip    0.000000 2.465116 2.130233 3.967442 2.139535 
 Mfc1    2.465116 0.000000 1.153488 4.851163 1.851163 
 Mfc2    2.130233 1.153488 0.000000 4.516279 1.665116 
 Compar  3.967442 4.851163 4.516279 0.000000 4.516279 
 Ppmz    2.139535 1.851163 1.665116 4.516279 0.000000 


new_compatibilityTable_LtoL
          7Zip     Mfc1     Mfc2     Compar   Ppmz    
 7Zip    0.000000 0.154070 0.133140 0.247965 0.133721 
 Mfc1    0.154070 0.000000 0.072093 0.303198 0.115698 
 Mfc2    0.133140 0.072093 0.000000 0.282267 0.104070 
 Compar  0.247965 0.303198 0.282267 0.000000 0.282267 
 Ppmz    0.133721 0.115698 0.104070 0.282267 0.000000 


