compatibilityTable_LtoL
          7Zip     Mfc1     Mfc2     Compar   Ppmz    
 7Zip    0.000000 2.414634 2.195122 3.853658 2.097561 
 Mfc1    2.414634 0.000000 1.121951 4.695122 1.841463 
 Mfc2    2.195122 1.121951 0.000000 4.414634 1.707317 
 Compar  3.853658 4.695122 4.414634 0.000000 4.378049 
 Ppmz    2.097561 1.841463 1.707317 4.378049 0.000000 


new_compatibilityTable_LtoL
          7Zip     Mfc1     Mfc2     Compar   Ppmz    
 7Zip    0.000000 0.150915 0.137195 0.240854 0.131098 
 Mfc1    0.150915 0.000000 0.070122 0.293445 0.115091 
 Mfc2    0.137195 0.070122 0.000000 0.275915 0.106707 
 Compar  0.240854 0.293445 0.275915 0.000000 0.273628 
 Ppmz    0.131098 0.115091 0.106707 0.273628 0.000000 


