compatibilityTable_LtoL
          7Zip     Mfc1     Mfc2     Compar   Ppmz    
 7Zip    0.000000 2.443396 2.132076 3.962264 2.132076 
 Mfc1    2.443396 0.000000 1.132075 4.839622 1.839623 
 Mfc2    2.132076 1.132075 0.000000 4.537736 1.660377 
 Compar  3.962264 4.839622 4.537736 0.000000 4.528302 
 Ppmz    2.132076 1.839623 1.660377 4.528302 0.000000 


new_compatibilityTable_LtoL
          7Zip     Mfc1     Mfc2     Compar   Ppmz    
 7Zip    0.000000 0.152712 0.133255 0.247642 0.133255 
 Mfc1    0.152712 0.000000 0.070755 0.302476 0.114976 
 Mfc2    0.133255 0.070755 0.000000 0.283608 0.103774 
 Compar  0.247642 0.302476 0.283608 0.000000 0.283019 
 Ppmz    0.133255 0.114976 0.103774 0.283019 0.000000 


