compatibilityTable_LtoL
          7Zip     Mfc1     Mfc2     Compar   Ppmz    
 7Zip    0.000000 2.825397 2.619048 4.190476 2.507936 
 Mfc1    2.825397 0.000000 1.349206 5.095238 2.111111 
 Mfc2    2.619048 1.349206 0.000000 4.793651 1.968254 
 Compar  4.190476 5.095238 4.793651 0.000000 4.809524 
 Ppmz    2.507936 2.111111 1.968254 4.809524 0.000000 


new_compatibilityTable_LtoL
          7Zip     Mfc1     Mfc2     Compar   Ppmz    
 7Zip    0.000000 0.176587 0.163690 0.261905 0.156746 
 Mfc1    0.176587 0.000000 0.084325 0.318452 0.131944 
 Mfc2    0.163690 0.084325 0.000000 0.299603 0.123016 
 Compar  0.261905 0.318452 0.299603 0.000000 0.300595 
 Ppmz    0.156746 0.131944 0.123016 0.300595 0.000000 


