compatibilityTable_LtoL
          7Zip     Mfc1     Mfc2     Compar   Ppmz    
 7Zip    0.000000 2.243542 1.963100 3.981550 1.918819 
 Mfc1    2.243542 0.000000 1.025830 4.756457 1.630996 
 Mfc2    1.963100 1.025830 0.000000 4.446495 1.468635 
 Compar  3.981550 4.756457 4.446495 0.000000 4.468635 
 Ppmz    1.918819 1.630996 1.468635 4.468635 0.000000 


new_compatibilityTable_LtoL
          7Zip     Mfc1     Mfc2     Compar   Ppmz    
 7Zip    0.000000 0.140221 0.122694 0.248847 0.119926 
 Mfc1    0.140221 0.000000 0.064114 0.297279 0.101937 
 Mfc2    0.122694 0.064114 0.000000 0.277906 0.091790 
 Compar  0.248847 0.297279 0.277906 0.000000 0.279290 
 Ppmz    0.119926 0.101937 0.091790 0.279290 0.000000 


