compatibilityTable_LtoL
          7Zip     Mfc1     Mfc2     Compar   Ppmz    
 7Zip    0.000000 2.423237 2.132780 4.087137 2.074689 
 Mfc1    2.423237 0.000000 1.095436 4.933610 1.767635 
 Mfc2    2.132780 1.095436 0.000000 4.609959 1.593361 
 Compar  4.087137 4.933610 4.609959 0.000000 4.618257 
 Ppmz    2.074689 1.767635 1.593361 4.618257 0.000000 


new_compatibilityTable_LtoL
          7Zip     Mfc1     Mfc2     Compar   Ppmz    
 7Zip    0.000000 0.151452 0.133299 0.255446 0.129668 
 Mfc1    0.151452 0.000000 0.068465 0.308351 0.110477 
 Mfc2    0.133299 0.068465 0.000000 0.288122 0.099585 
 Compar  0.255446 0.308351 0.288122 0.000000 0.288641 
 Ppmz    0.129668 0.110477 0.099585 0.288641 0.000000 


