compatibilityTable_LtoL
          7Zip     Mfc1     Mfc2     Compar   Ppmz    
 7Zip    0.000000 2.714286 2.485714 4.085714 2.385714 
 Mfc1    2.714286 0.000000 1.285714 4.985714 2.057143 
 Mfc2    2.485714 1.285714 0.000000 4.685714 1.900000 
 Compar  4.085714 4.985714 4.685714 0.000000 4.671429 
 Ppmz    2.385714 2.057143 1.900000 4.671429 0.000000 


new_compatibilityTable_LtoL
          7Zip     Mfc1     Mfc2     Compar   Ppmz    
 7Zip    0.000000 0.169643 0.155357 0.255357 0.149107 
 Mfc1    0.169643 0.000000 0.080357 0.311607 0.128571 
 Mfc2    0.155357 0.080357 0.000000 0.292857 0.118750 
 Compar  0.255357 0.311607 0.292857 0.000000 0.291964 
 Ppmz    0.149107 0.128571 0.118750 0.291964 0.000000 


