compatibilityTable_LtoL
          7Zip     Mfc1     Mfc2     Compar   Ppmz    
 7Zip    0.000000 3.967742 3.580645 4.806452 3.548387 
 Mfc1    3.967742 0.000000 2.064516 6.193548 2.935484 
 Mfc2    3.580645 2.064516 0.000000 5.612903 2.774194 
 Compar  4.806452 6.193548 5.612903 0.000000 5.612903 
 Ppmz    3.548387 2.935484 2.774194 5.612903 0.000000 


new_compatibilityTable_LtoL
          7Zip     Mfc1     Mfc2     Compar   Ppmz    
 7Zip    0.000000 0.247984 0.223790 0.300403 0.221774 
 Mfc1    0.247984 0.000000 0.129032 0.387097 0.183468 
 Mfc2    0.223790 0.129032 0.000000 0.350806 0.173387 
 Compar  0.300403 0.387097 0.350806 0.000000 0.350806 
 Ppmz    0.221774 0.183468 0.173387 0.350806 0.000000 


