compatibilityTable_LtoL
          7Zip     Mfc1     Mfc2     Compar   Ppmz    
 7Zip    0.000000 3.666667 2.333333 5.333333 3.666667 
 Mfc1    3.666667 0.000000 2.666667 6.000000 3.000000 
 Mfc2    2.333333 2.666667 0.000000 5.666667 3.666667 
 Compar  5.333333 6.000000 5.666667 0.000000 6.000000 
 Ppmz    3.666667 3.000000 3.666667 6.000000 0.000000 


new_compatibilityTable_LtoL
          7Zip     Mfc1     Mfc2     Compar   Ppmz    
 7Zip    0.000000 0.229167 0.145833 0.333333 0.229167 
 Mfc1    0.229167 0.000000 0.166667 0.375000 0.187500 
 Mfc2    0.145833 0.166667 0.000000 0.354167 0.229167 
 Compar  0.333333 0.375000 0.354167 0.000000 0.375000 
 Ppmz    0.229167 0.187500 0.229167 0.375000 0.000000 


