compatibilityTable_LtoL
          7Zip     Mfc1     Mfc2     Compar   Ppmz    
 7Zip    0.000000 7.200000 6.000000 8.400000 6.000000 
 Mfc1    7.200000 0.000000 5.800000 9.000000 6.800000 
 Mfc2    6.000000 5.800000 0.000000 8.200000 6.800000 
 Compar  8.400000 9.000000 8.200000 0.000000 8.600000 
 Ppmz    6.000000 6.800000 6.800000 8.600000 0.000000 


new_compatibilityTable_LtoL
          7Zip     Mfc1     Mfc2     Compar   Ppmz    
 7Zip    0.000000 0.450000 0.375000 0.525000 0.375000 
 Mfc1    0.450000 0.000000 0.362500 0.562500 0.425000 
 Mfc2    0.375000 0.362500 0.000000 0.512500 0.425000 
 Compar  0.525000 0.562500 0.512500 0.000000 0.537500 
 Ppmz    0.375000 0.425000 0.425000 0.537500 0.000000 


