compatibilityTable_LtoL
          7Zip     Mfc1     Mfc2     Compar   Ppmz    
 7Zip    0.000000 2.207885 1.913978 3.967742 1.870968 
 Mfc1    2.207885 0.000000 1.017921 4.734767 1.620072 
 Mfc2    1.913978 1.017921 0.000000 4.419355 1.440860 
 Compar  3.967742 4.734767 4.419355 0.000000 4.440860 
 Ppmz    1.870968 1.620072 1.440860 4.440860 0.000000 


new_compatibilityTable_LtoL
          7Zip     Mfc1     Mfc2     Compar   Ppmz    
 7Zip    0.000000 0.137993 0.119624 0.247984 0.116935 
 Mfc1    0.137993 0.000000 0.063620 0.295923 0.101254 
 Mfc2    0.119624 0.063620 0.000000 0.276210 0.090054 
 Compar  0.247984 0.295923 0.276210 0.000000 0.277554 
 Ppmz    0.116935 0.101254 0.090054 0.277554 0.000000 


