compatibilityTable_LtoL
          7Zip     Mfc1     Mfc2     Compar   Ppmz    
 7Zip    0.000000 3.252525 2.969697 4.555555 2.909091 
 Mfc1    3.252525 0.000000 1.656566 5.585859 2.404040 
 Mfc2    2.969697 1.656566 0.000000 5.181818 2.242424 
 Compar  4.555555 5.585859 5.181818 0.000000 5.181818 
 Ppmz    2.909091 2.404040 2.242424 5.181818 0.000000 


new_compatibilityTable_LtoL
          7Zip     Mfc1     Mfc2     Compar   Ppmz    
 7Zip    0.000000 0.203283 0.185606 0.284722 0.181818 
 Mfc1    0.203283 0.000000 0.103535 0.349116 0.150253 
 Mfc2    0.185606 0.103535 0.000000 0.323864 0.140152 
 Compar  0.284722 0.349116 0.323864 0.000000 0.323864 
 Ppmz    0.181818 0.150253 0.140152 0.323864 0.000000 


