compatibilityTable_LtoL
          7Zip     Mfc1     Mfc2     Compar   Ppmz    
 7Zip    0.000000 2.410000 2.100000 3.870000 2.060000 
 Mfc1    2.410000 0.000000 1.120000 4.730000 1.800000 
 Mfc2    2.100000 1.120000 0.000000 4.440000 1.620000 
 Compar  3.870000 4.730000 4.440000 0.000000 4.410000 
 Ppmz    2.060000 1.800000 1.620000 4.410000 0.000000 


new_compatibilityTable_LtoL
          7Zip     Mfc1     Mfc2     Compar   Ppmz    
 7Zip    0.000000 0.150625 0.131250 0.241875 0.128750 
 Mfc1    0.150625 0.000000 0.070000 0.295625 0.112500 
 Mfc2    0.131250 0.070000 0.000000 0.277500 0.101250 
 Compar  0.241875 0.295625 0.277500 0.000000 0.275625 
 Ppmz    0.128750 0.112500 0.101250 0.275625 0.000000 


