compatibilityTable_LtoL
          7Zip     Mfc1     Mfc2     Compar   Ppmz    
 7Zip    0.000000 2.175676 1.891892 4.000000 1.810811 
 Mfc1    2.175676 0.000000 0.986486 4.763514 1.574324 
 Mfc2    1.891892 0.986486 0.000000 4.452703 1.398649 
 Compar  4.000000 4.763514 4.452703 0.000000 4.452703 
 Ppmz    1.810811 1.574324 1.398649 4.452703 0.000000 


new_compatibilityTable_LtoL
          7Zip     Mfc1     Mfc2     Compar   Ppmz    
 7Zip    0.000000 0.135980 0.118243 0.250000 0.113176 
 Mfc1    0.135980 0.000000 0.061655 0.297720 0.098395 
 Mfc2    0.118243 0.061655 0.000000 0.278294 0.087416 
 Compar  0.250000 0.297720 0.278294 0.000000 0.278294 
 Ppmz    0.113176 0.098395 0.087416 0.278294 0.000000 


