compatibilityTable_LtoL
          7Zip     Mfc1     Mfc2     Compar   Ppmz    
 7Zip    0.000000 2.313725 2.031373 3.941176 1.984314 
 Mfc1    2.313725 0.000000 1.043137 4.733333 1.686275 
 Mfc2    2.031373 1.043137 0.000000 4.435294 1.513726 
 Compar  3.941176 4.733333 4.435294 0.000000 4.450980 
 Ppmz    1.984314 1.686275 1.513726 4.450980 0.000000 


new_compatibilityTable_LtoL
          7Zip     Mfc1     Mfc2     Compar   Ppmz    
 7Zip    0.000000 0.144608 0.126961 0.246324 0.124020 
 Mfc1    0.144608 0.000000 0.065196 0.295833 0.105392 
 Mfc2    0.126961 0.065196 0.000000 0.277206 0.094608 
 Compar  0.246324 0.295833 0.277206 0.000000 0.278186 
 Ppmz    0.124020 0.105392 0.094608 0.278186 0.000000 


