compatibilityTable_LtoL
          7Zip     Mfc1     Mfc2     Compar   Ppmz    
 7Zip    0.000000 4.033898 3.627119 4.796610 3.593220 
 Mfc1    4.033898 0.000000 2.169492 6.152543 3.084746 
 Mfc2    3.627119 2.169492 0.000000 5.542373 2.915254 
 Compar  4.796610 6.152543 5.542373 0.000000 5.542373 
 Ppmz    3.593220 3.084746 2.915254 5.542373 0.000000 


new_compatibilityTable_LtoL
          7Zip     Mfc1     Mfc2     Compar   Ppmz    
 7Zip    0.000000 0.252119 0.226695 0.299788 0.224576 
 Mfc1    0.252119 0.000000 0.135593 0.384534 0.192797 
 Mfc2    0.226695 0.135593 0.000000 0.346398 0.182203 
 Compar  0.299788 0.384534 0.346398 0.000000 0.346398 
 Ppmz    0.224576 0.192797 0.182203 0.346398 0.000000 


