compatibilityTable_LtoL
          7Zip     Mfc1     Mfc2     Compar   Ppmz    
 7Zip    0.000000 2.266160 1.992395 4.026616 1.939163 
 Mfc1    2.266160 0.000000 1.026616 4.794677 1.642586 
 Mfc2    1.992395 1.026616 0.000000 4.505703 1.490494 
 Compar  4.026616 4.794677 4.505703 0.000000 4.520913 
 Ppmz    1.939163 1.642586 1.490494 4.520913 0.000000 


new_compatibilityTable_LtoL
          7Zip     Mfc1     Mfc2     Compar   Ppmz    
 7Zip    0.000000 0.141635 0.124525 0.251664 0.121198 
 Mfc1    0.141635 0.000000 0.064163 0.299667 0.102662 
 Mfc2    0.124525 0.064163 0.000000 0.281606 0.093156 
 Compar  0.251664 0.299667 0.281606 0.000000 0.282557 
 Ppmz    0.121198 0.102662 0.093156 0.282557 0.000000 


