compatibilityTable_LtoL
          7Zip     Mfc1     Mfc2     Compar   Ppmz    
 7Zip    0.000000 2.261194 1.977612 4.007463 1.925373 
 Mfc1    2.261194 0.000000 1.037313 4.798508 1.641791 
 Mfc2    1.977612 1.037313 0.000000 4.485075 1.477612 
 Compar  4.007463 4.798508 4.485075 0.000000 4.500000 
 Ppmz    1.925373 1.641791 1.477612 4.500000 0.000000 


new_compatibilityTable_LtoL
          7Zip     Mfc1     Mfc2     Compar   Ppmz    
 7Zip    0.000000 0.141325 0.123601 0.250466 0.120336 
 Mfc1    0.141325 0.000000 0.064832 0.299907 0.102612 
 Mfc2    0.123601 0.064832 0.000000 0.280317 0.092351 
 Compar  0.250466 0.299907 0.280317 0.000000 0.281250 
 Ppmz    0.120336 0.102612 0.092351 0.281250 0.000000 


