compatibilityTable_LtoL
          7Zip     Mfc1     Mfc2     Compar   Ppmz    
 7Zip    0.000000 4.296296 3.703704 5.074074 3.703704 
 Mfc1    4.296296 0.000000 2.888889 5.962963 4.370370 
 Mfc2    3.703704 2.888889 0.000000 5.370370 4.370370 
 Compar  5.074074 5.962963 5.370370 0.000000 5.518518 
 Ppmz    3.703704 4.370370 4.370370 5.518518 0.000000 


new_compatibilityTable_LtoL
          7Zip     Mfc1     Mfc2     Compar   Ppmz    
 7Zip    0.000000 0.268519 0.231481 0.317130 0.231481 
 Mfc1    0.268519 0.000000 0.180556 0.372685 0.273148 
 Mfc2    0.231481 0.180556 0.000000 0.335648 0.273148 
 Compar  0.317130 0.372685 0.335648 0.000000 0.344907 
 Ppmz    0.231481 0.273148 0.273148 0.344907 0.000000 


