compatibilityTable_LtoL
          7Zip     Mfc1     Mfc2     Compar   Ppmz    
 7Zip    0.000000 2.362694 2.113990 3.818653 2.041451 
 Mfc1    2.362694 0.000000 1.046632 4.689119 1.730570 
 Mfc2    2.113990 1.046632 0.000000 4.419689 1.564767 
 Compar  3.818653 4.689119 4.419689 0.000000 4.367876 
 Ppmz    2.041451 1.730570 1.564767 4.367876 0.000000 


new_compatibilityTable_LtoL
          7Zip     Mfc1     Mfc2     Compar   Ppmz    
 7Zip    0.000000 0.147668 0.132124 0.238666 0.127591 
 Mfc1    0.147668 0.000000 0.065415 0.293070 0.108161 
 Mfc2    0.132124 0.065415 0.000000 0.276231 0.097798 
 Compar  0.238666 0.293070 0.276231 0.000000 0.272992 
 Ppmz    0.127591 0.108161 0.097798 0.272992 0.000000 


