compatibilityTable_LtoL
          7Zip     Mfc1     Mfc2     Compar   Ppmz    
 7Zip    0.000000 2.562092 2.339869 3.875817 2.222222 
 Mfc1    2.562092 0.000000 1.189543 4.751634 1.947712 
 Mfc2    2.339869 1.189543 0.000000 4.464052 1.790850 
 Compar  3.875817 4.751634 4.464052 0.000000 4.424837 
 Ppmz    2.222222 1.947712 1.790850 4.424837 0.000000 


new_compatibilityTable_LtoL
          7Zip     Mfc1     Mfc2     Compar   Ppmz    
 7Zip    0.000000 0.160131 0.146242 0.242239 0.138889 
 Mfc1    0.160131 0.000000 0.074346 0.296977 0.121732 
 Mfc2    0.146242 0.074346 0.000000 0.279003 0.111928 
 Compar  0.242239 0.296977 0.279003 0.000000 0.276552 
 Ppmz    0.138889 0.121732 0.111928 0.276552 0.000000 


