compatibilityTable_LtoL
          7Zip     Mfc1     Mfc2     Compar   Ppmz    
 7Zip    0.000000 3.123810 2.857143 4.485714 2.800000 
 Mfc1    3.123810 0.000000 1.600000 5.457143 2.342857 
 Mfc2    2.857143 1.600000 0.000000 5.076190 2.152381 
 Compar  4.485714 5.457143 5.076190 0.000000 5.076190 
 Ppmz    2.800000 2.342857 2.152381 5.076190 0.000000 


new_compatibilityTable_LtoL
          7Zip     Mfc1     Mfc2     Compar   Ppmz    
 7Zip    0.000000 0.195238 0.178571 0.280357 0.175000 
 Mfc1    0.195238 0.000000 0.100000 0.341071 0.146429 
 Mfc2    0.178571 0.100000 0.000000 0.317262 0.134524 
 Compar  0.280357 0.341071 0.317262 0.000000 0.317262 
 Ppmz    0.175000 0.146429 0.134524 0.317262 0.000000 


