compatibilityTable_LtoL
          7Zip     Mfc1     Mfc2     Compar   Ppmz    
 7Zip    0.000000 2.184932 1.897260 3.993151 1.828767 
 Mfc1    2.184932 0.000000 0.993151 4.753425 1.582192 
 Mfc2    1.897260 0.993151 0.000000 4.445206 1.404110 
 Compar  3.993151 4.753425 4.445206 0.000000 4.445206 
 Ppmz    1.828767 1.582192 1.404110 4.445206 0.000000 


new_compatibilityTable_LtoL
          7Zip     Mfc1     Mfc2     Compar   Ppmz    
 7Zip    0.000000 0.136558 0.118579 0.249572 0.114298 
 Mfc1    0.136558 0.000000 0.062072 0.297089 0.098887 
 Mfc2    0.118579 0.062072 0.000000 0.277825 0.087757 
 Compar  0.249572 0.297089 0.277825 0.000000 0.277825 
 Ppmz    0.114298 0.098887 0.087757 0.277825 0.000000 


