compatibilityTable_LtoL
          7Zip     Mfc1     Mfc2     Compar   Ppmz    
 7Zip    0.000000 2.565789 2.342105 3.894737 2.236842 
 Mfc1    2.565789 0.000000 1.197368 4.763158 1.947368 
 Mfc2    2.342105 1.197368 0.000000 4.473684 1.789474 
 Compar  3.894737 4.763158 4.473684 0.000000 4.447369 
 Ppmz    2.236842 1.947368 1.789474 4.447369 0.000000 


new_compatibilityTable_LtoL
          7Zip     Mfc1     Mfc2     Compar   Ppmz    
 7Zip    0.000000 0.160362 0.146382 0.243421 0.139803 
 Mfc1    0.160362 0.000000 0.074836 0.297697 0.121711 
 Mfc2    0.146382 0.074836 0.000000 0.279605 0.111842 
 Compar  0.243421 0.297697 0.279605 0.000000 0.277961 
 Ppmz    0.139803 0.121711 0.111842 0.277961 0.000000 


