compatibilityTable_LtoL
          7Zip     Mfc1     Mfc2     Compar   Ppmz    
 7Zip    0.000000 2.411429 2.205714 3.800000 2.102857 
 Mfc1    2.411429 0.000000 1.051429 4.668571 1.771429 
 Mfc2    2.205714 1.051429 0.000000 4.405715 1.645714 
 Compar  3.800000 4.668571 4.405715 0.000000 4.348571 
 Ppmz    2.102857 1.771429 1.645714 4.348571 0.000000 


new_compatibilityTable_LtoL
          7Zip     Mfc1     Mfc2     Compar   Ppmz    
 7Zip    0.000000 0.150714 0.137857 0.237500 0.131429 
 Mfc1    0.150714 0.000000 0.065714 0.291786 0.110714 
 Mfc2    0.137857 0.065714 0.000000 0.275357 0.102857 
 Compar  0.237500 0.291786 0.275357 0.000000 0.271786 
 Ppmz    0.131429 0.110714 0.102857 0.271786 0.000000 


