compatibilityTable_LtoL
          7Zip     Mfc1     Mfc2     Compar   Ppmz    
 7Zip    0.000000 2.204225 1.901408 3.985915 1.852113 
 Mfc1    2.204225 0.000000 1.014084 4.753521 1.612676 
 Mfc2    1.901408 1.014084 0.000000 4.429577 1.422535 
 Compar  3.985915 4.753521 4.429577 0.000000 4.450704 
 Ppmz    1.852113 1.612676 1.422535 4.450704 0.000000 


new_compatibilityTable_LtoL
          7Zip     Mfc1     Mfc2     Compar   Ppmz    
 7Zip    0.000000 0.137764 0.118838 0.249120 0.115757 
 Mfc1    0.137764 0.000000 0.063380 0.297095 0.100792 
 Mfc2    0.118838 0.063380 0.000000 0.276849 0.088908 
 Compar  0.249120 0.297095 0.276849 0.000000 0.278169 
 Ppmz    0.115757 0.100792 0.088908 0.278169 0.000000 


