compatibilityTable_LtoL
          7Zip     Mfc1     Mfc2     Compar   Ppmz    
 7Zip    0.000000 4.400000 2.800000 5.800000 4.000000 
 Mfc1    4.400000 0.000000 3.200000 6.600000 3.200000 
 Mfc2    2.800000 3.200000 0.000000 6.200000 4.000000 
 Compar  5.800000 6.600000 6.200000 0.000000 6.200000 
 Ppmz    4.000000 3.200000 4.000000 6.200000 0.000000 


new_compatibilityTable_LtoL
          7Zip     Mfc1     Mfc2     Compar   Ppmz    
 7Zip    0.000000 0.275000 0.175000 0.362500 0.250000 
 Mfc1    0.275000 0.000000 0.200000 0.412500 0.200000 
 Mfc2    0.175000 0.200000 0.000000 0.387500 0.250000 
 Compar  0.362500 0.412500 0.387500 0.000000 0.387500 
 Ppmz    0.250000 0.200000 0.250000 0.387500 0.000000 


