compatibilityTable_LtoL
          7Zip     Mfc1     Mfc2     Compar   Ppmz    
 7Zip    0.000000 3.561644 3.178082 4.726027 3.178082 
 Mfc1    3.561644 0.000000 1.890411 5.931507 2.657534 
 Mfc2    3.178082 1.890411 0.000000 5.383562 2.465753 
 Compar  4.726027 5.931507 5.383562 0.000000 5.438356 
 Ppmz    3.178082 2.657534 2.465753 5.438356 0.000000 


new_compatibilityTable_LtoL
          7Zip     Mfc1     Mfc2     Compar   Ppmz    
 7Zip    0.000000 0.222603 0.198630 0.295377 0.198630 
 Mfc1    0.222603 0.000000 0.118151 0.370719 0.166096 
 Mfc2    0.198630 0.118151 0.000000 0.336473 0.154110 
 Compar  0.295377 0.370719 0.336473 0.000000 0.339897 
 Ppmz    0.198630 0.166096 0.154110 0.339897 0.000000 


