compatibilityTable_LtoL
          7Zip     Mfc1     Mfc2     Compar   Ppmz    
 7Zip    0.000000 2.218978 1.941606 3.948905 1.897810 
 Mfc1    2.218978 0.000000 1.014598 4.715329 1.613139 
 Mfc2    1.941606 1.014598 0.000000 4.408759 1.452555 
 Compar  3.948905 4.715329 4.408759 0.000000 4.430657 
 Ppmz    1.897810 1.613139 1.452555 4.430657 0.000000 


new_compatibilityTable_LtoL
          7Zip     Mfc1     Mfc2     Compar   Ppmz    
 7Zip    0.000000 0.138686 0.121350 0.246807 0.118613 
 Mfc1    0.138686 0.000000 0.063412 0.294708 0.100821 
 Mfc2    0.121350 0.063412 0.000000 0.275547 0.090785 
 Compar  0.246807 0.294708 0.275547 0.000000 0.276916 
 Ppmz    0.118613 0.100821 0.090785 0.276916 0.000000 


