compatibilityTable_LtoL
          7Zip     Mfc1     Mfc2     Compar   Ppmz    
 7Zip    0.000000 2.437500 2.116071 3.964286 2.107143 
 Mfc1    2.437500 0.000000 1.151786 4.821429 1.839286 
 Mfc2    2.116071 1.151786 0.000000 4.473214 1.625000 
 Compar  3.964286 4.821429 4.473214 0.000000 4.482143 
 Ppmz    2.107143 1.839286 1.625000 4.482143 0.000000 


new_compatibilityTable_LtoL
          7Zip     Mfc1     Mfc2     Compar   Ppmz    
 7Zip    0.000000 0.152344 0.132254 0.247768 0.131696 
 Mfc1    0.152344 0.000000 0.071987 0.301339 0.114955 
 Mfc2    0.132254 0.071987 0.000000 0.279576 0.101562 
 Compar  0.247768 0.301339 0.279576 0.000000 0.280134 
 Ppmz    0.131696 0.114955 0.101562 0.280134 0.000000 


