compatibilityTable_LtoL
          7Zip     Mfc1     Mfc2     Compar   Ppmz    
 7Zip    0.000000 2.369048 2.154762 3.809524 2.071429 
 Mfc1    2.369048 0.000000 1.095238 4.630952 1.821429 
 Mfc2    2.154762 1.095238 0.000000 4.357143 1.690476 
 Compar  3.809524 4.630952 4.357143 0.000000 4.297619 
 Ppmz    2.071429 1.821429 1.690476 4.297619 0.000000 


new_compatibilityTable_LtoL
          7Zip     Mfc1     Mfc2     Compar   Ppmz    
 7Zip    0.000000 0.148065 0.134673 0.238095 0.129464 
 Mfc1    0.148065 0.000000 0.068452 0.289435 0.113839 
 Mfc2    0.134673 0.068452 0.000000 0.272321 0.105655 
 Compar  0.238095 0.289435 0.272321 0.000000 0.268601 
 Ppmz    0.129464 0.113839 0.105655 0.268601 0.000000 


