compatibilityTable_LtoL
          7Zip     Mfc1     Mfc2     Compar   Ppmz    
 7Zip    0.000000 2.821705 2.604651 4.162791 2.480620 
 Mfc1    2.821705 0.000000 1.348837 5.093023 2.108527 
 Mfc2    2.604651 1.348837 0.000000 4.782946 1.984496 
 Compar  4.162791 5.093023 4.782946 0.000000 4.798450 
 Ppmz    2.480620 2.108527 1.984496 4.798450 0.000000 


new_compatibilityTable_LtoL
          7Zip     Mfc1     Mfc2     Compar   Ppmz    
 7Zip    0.000000 0.176357 0.162791 0.260174 0.155039 
 Mfc1    0.176357 0.000000 0.084302 0.318314 0.131783 
 Mfc2    0.162791 0.084302 0.000000 0.298934 0.124031 
 Compar  0.260174 0.318314 0.298934 0.000000 0.299903 
 Ppmz    0.155039 0.131783 0.124031 0.299903 0.000000 


