compatibilityTable_LtoL
          7Zip     Mfc1     Mfc2     Compar   Ppmz    
 7Zip    0.000000 3.318182 2.977273 4.750000 2.863636 
 Mfc1    3.318182 0.000000 1.795455 5.795455 2.454545 
 Mfc2    2.977273 1.795455 0.000000 5.318182 2.295455 
 Compar  4.750000 5.795455 5.318182 0.000000 5.318182 
 Ppmz    2.863636 2.454545 2.295455 5.318182 0.000000 


new_compatibilityTable_LtoL
          7Zip     Mfc1     Mfc2     Compar   Ppmz    
 7Zip    0.000000 0.207386 0.186080 0.296875 0.178977 
 Mfc1    0.207386 0.000000 0.112216 0.362216 0.153409 
 Mfc2    0.186080 0.112216 0.000000 0.332386 0.143466 
 Compar  0.296875 0.362216 0.332386 0.000000 0.332386 
 Ppmz    0.178977 0.153409 0.143466 0.332386 0.000000 


