compatibilityTable_LtoL
          7Zip     Mfc1     Mfc2     Compar   Ppmz    
 7Zip    0.000000 2.286822 2.007752 3.930233 1.961240 
 Mfc1    2.286822 0.000000 1.031008 4.713178 1.666667 
 Mfc2    2.007752 1.031008 0.000000 4.418605 1.496124 
 Compar  3.930233 4.713178 4.418605 0.000000 4.434109 
 Ppmz    1.961240 1.666667 1.496124 4.434109 0.000000 


new_compatibilityTable_LtoL
          7Zip     Mfc1     Mfc2     Compar   Ppmz    
 7Zip    0.000000 0.142926 0.125484 0.245640 0.122578 
 Mfc1    0.142926 0.000000 0.064438 0.294574 0.104167 
 Mfc2    0.125484 0.064438 0.000000 0.276163 0.093508 
 Compar  0.245640 0.294574 0.276163 0.000000 0.277132 
 Ppmz    0.122578 0.104167 0.093508 0.277132 0.000000 


