compatibilityTable_LtoL
          7Zip     Mfc1     Mfc2     Compar   Ppmz    
 7Zip    0.000000 3.340425 3.021277 4.723404 2.957447 
 Mfc1    3.340425 0.000000 1.723404 5.765957 2.510638 
 Mfc2    3.021277 1.723404 0.000000 5.319149 2.319149 
 Compar  4.723404 5.765957 5.319149 0.000000 5.319149 
 Ppmz    2.957447 2.510638 2.319149 5.319149 0.000000 


new_compatibilityTable_LtoL
          7Zip     Mfc1     Mfc2     Compar   Ppmz    
 7Zip    0.000000 0.208777 0.188830 0.295213 0.184840 
 Mfc1    0.208777 0.000000 0.107713 0.360372 0.156915 
 Mfc2    0.188830 0.107713 0.000000 0.332447 0.144947 
 Compar  0.295213 0.360372 0.332447 0.000000 0.332447 
 Ppmz    0.184840 0.156915 0.144947 0.332447 0.000000 


