compatibilityTable_LtoL
          7Zip     Mfc1     Mfc2     Compar   Ppmz    
 7Zip    0.000000 2.829268 2.617886 4.219512 2.504065 
 Mfc1    2.829268 0.000000 1.382114 5.097561 2.162602 
 Mfc2    2.617886 1.382114 0.000000 4.788618 2.016260 
 Compar  4.219512 5.097561 4.788618 0.000000 4.804878 
 Ppmz    2.504065 2.162602 2.016260 4.804878 0.000000 


new_compatibilityTable_LtoL
          7Zip     Mfc1     Mfc2     Compar   Ppmz    
 7Zip    0.000000 0.176829 0.163618 0.263719 0.156504 
 Mfc1    0.176829 0.000000 0.086382 0.318598 0.135163 
 Mfc2    0.163618 0.086382 0.000000 0.299289 0.126016 
 Compar  0.263719 0.318598 0.299289 0.000000 0.300305 
 Ppmz    0.156504 0.135163 0.126016 0.300305 0.000000 


