compatibilityTable_LtoL
          7Zip     Mfc1     Mfc2     Compar   Ppmz    
 7Zip    0.000000 3.657143 3.228571 4.771429 3.200000 
 Mfc1    3.657143 0.000000 1.914286 6.000000 2.685714 
 Mfc2    3.228571 1.914286 0.000000 5.428571 2.514286 
 Compar  4.771429 6.000000 5.428571 0.000000 5.457143 
 Ppmz    3.200000 2.685714 2.514286 5.457143 0.000000 


new_compatibilityTable_LtoL
          7Zip     Mfc1     Mfc2     Compar   Ppmz    
 7Zip    0.000000 0.228571 0.201786 0.298214 0.200000 
 Mfc1    0.228571 0.000000 0.119643 0.375000 0.167857 
 Mfc2    0.201786 0.119643 0.000000 0.339286 0.157143 
 Compar  0.298214 0.375000 0.339286 0.000000 0.341071 
 Ppmz    0.200000 0.167857 0.157143 0.341071 0.000000 


