compatibilityTable_LtoL
          7Zip     Mfc1     Mfc2     Compar   Ppmz    
 7Zip    0.000000 2.832000 2.624000 4.200000 2.512000 
 Mfc1    2.832000 0.000000 1.360000 5.096000 2.128000 
 Mfc2    2.624000 1.360000 0.000000 4.792000 1.984000 
 Compar  4.200000 5.096000 4.792000 0.000000 4.808000 
 Ppmz    2.512000 2.128000 1.984000 4.808000 0.000000 


new_compatibilityTable_LtoL
          7Zip     Mfc1     Mfc2     Compar   Ppmz    
 7Zip    0.000000 0.177000 0.164000 0.262500 0.157000 
 Mfc1    0.177000 0.000000 0.085000 0.318500 0.133000 
 Mfc2    0.164000 0.085000 0.000000 0.299500 0.124000 
 Compar  0.262500 0.318500 0.299500 0.000000 0.300500 
 Ppmz    0.157000 0.133000 0.124000 0.300500 0.000000 


