compatibilityTable_LtoL
          7Zip     Mfc1     Mfc2     Compar   Ppmz    
 7Zip    0.000000 3.037037 2.777778 4.500000 2.722222 
 Mfc1    3.037037 0.000000 1.555556 5.444445 2.277778 
 Mfc2    2.777778 1.555556 0.000000 5.074074 2.092592 
 Compar  4.500000 5.444445 5.074074 0.000000 5.074074 
 Ppmz    2.722222 2.277778 2.092592 5.074074 0.000000 


new_compatibilityTable_LtoL
          7Zip     Mfc1     Mfc2     Compar   Ppmz    
 7Zip    0.000000 0.189815 0.173611 0.281250 0.170139 
 Mfc1    0.189815 0.000000 0.097222 0.340278 0.142361 
 Mfc2    0.173611 0.097222 0.000000 0.317130 0.130787 
 Compar  0.281250 0.340278 0.317130 0.000000 0.317130 
 Ppmz    0.170139 0.142361 0.130787 0.317130 0.000000 


