compatibilityTable_LtoL
          7Zip     Mfc1     Mfc2     Compar   Ppmz    
 7Zip    0.000000 2.435555 2.115556 3.968889 2.106667 
 Mfc1    2.435555 0.000000 1.146667 4.813334 1.831111 
 Mfc2    2.115556 1.146667 0.000000 4.466667 1.617778 
 Compar  3.968889 4.813334 4.466667 0.000000 4.475555 
 Ppmz    2.106667 1.831111 1.617778 4.475555 0.000000 


new_compatibilityTable_LtoL
          7Zip     Mfc1     Mfc2     Compar   Ppmz    
 7Zip    0.000000 0.152222 0.132222 0.248056 0.131667 
 Mfc1    0.152222 0.000000 0.071667 0.300833 0.114444 
 Mfc2    0.132222 0.071667 0.000000 0.279167 0.101111 
 Compar  0.248056 0.300833 0.279167 0.000000 0.279722 
 Ppmz    0.131667 0.114444 0.101111 0.279722 0.000000 


