compatibilityTable_LtoL
          7Zip     Mfc1     Mfc2     Compar   Ppmz    
 7Zip    0.000000 2.411765 2.107843 3.941176 2.068627 
 Mfc1    2.411765 0.000000 1.127451 4.784314 1.823529 
 Mfc2    2.107843 1.127451 0.000000 4.480392 1.637255 
 Compar  3.941176 4.784314 4.480392 0.000000 4.460784 
 Ppmz    2.068627 1.823529 1.637255 4.460784 0.000000 


new_compatibilityTable_LtoL
          7Zip     Mfc1     Mfc2     Compar   Ppmz    
 7Zip    0.000000 0.150735 0.131740 0.246324 0.129289 
 Mfc1    0.150735 0.000000 0.070466 0.299020 0.113971 
 Mfc2    0.131740 0.070466 0.000000 0.280024 0.102328 
 Compar  0.246324 0.299020 0.280024 0.000000 0.278799 
 Ppmz    0.129289 0.113971 0.102328 0.278799 0.000000 


