compatibilityTable_LtoL
          7Zip     Mfc1     Mfc2     Compar   Ppmz    
 7Zip    0.000000 2.634483 2.413793 4.006896 2.331034 
 Mfc1    2.634483 0.000000 1.241379 4.862069 2.000000 
 Mfc2    2.413793 1.241379 0.000000 4.572414 1.848276 
 Compar  4.006896 4.862069 4.572414 0.000000 4.572414 
 Ppmz    2.331034 2.000000 1.848276 4.572414 0.000000 


new_compatibilityTable_LtoL
          7Zip     Mfc1     Mfc2     Compar   Ppmz    
 7Zip    0.000000 0.164655 0.150862 0.250431 0.145690 
 Mfc1    0.164655 0.000000 0.077586 0.303879 0.125000 
 Mfc2    0.150862 0.077586 0.000000 0.285776 0.115517 
 Compar  0.250431 0.303879 0.285776 0.000000 0.285776 
 Ppmz    0.145690 0.125000 0.115517 0.285776 0.000000 


