compatibilityTable_LtoL
          7Zip     Mfc1     Mfc2     Compar   Ppmz    
 7Zip    0.000000 2.255639 1.984962 4.030075 1.932331 
 Mfc1    2.255639 0.000000 1.030075 4.804511 1.639098 
 Mfc2    1.984962 1.030075 0.000000 4.503759 1.473684 
 Compar  4.030075 4.804511 4.503759 0.000000 4.518797 
 Ppmz    1.932331 1.639098 1.473684 4.518797 0.000000 


new_compatibilityTable_LtoL
          7Zip     Mfc1     Mfc2     Compar   Ppmz    
 7Zip    0.000000 0.140977 0.124060 0.251880 0.120771 
 Mfc1    0.140977 0.000000 0.064380 0.300282 0.102444 
 Mfc2    0.124060 0.064380 0.000000 0.281485 0.092105 
 Compar  0.251880 0.300282 0.281485 0.000000 0.282425 
 Ppmz    0.120771 0.102444 0.092105 0.282425 0.000000 


