compatibilityTable_LtoL
          7Zip     Mfc1     Mfc2     Compar   Ppmz    
 7Zip    0.000000 2.381503 2.173410 3.786127 2.092486 
 Mfc1    2.381503 0.000000 1.063584 4.641619 1.768786 
 Mfc2    2.173410 1.063584 0.000000 4.375722 1.641618 
 Compar  3.786127 4.641619 4.375722 0.000000 4.317919 
 Ppmz    2.092486 1.768786 1.641618 4.317919 0.000000 


new_compatibilityTable_LtoL
          7Zip     Mfc1     Mfc2     Compar   Ppmz    
 7Zip    0.000000 0.148844 0.135838 0.236633 0.130780 
 Mfc1    0.148844 0.000000 0.066474 0.290101 0.110549 
 Mfc2    0.135838 0.066474 0.000000 0.273483 0.102601 
 Compar  0.236633 0.290101 0.273483 0.000000 0.269870 
 Ppmz    0.130780 0.110549 0.102601 0.269870 0.000000 


