compatibilityTable_LtoL
          7Zip     Mfc1     Mfc2     Compar   Ppmz    
 7Zip    0.000000 4.340425 3.787234 4.829787 3.787234 
 Mfc1    4.340425 0.000000 2.255319 6.276596 3.404255 
 Mfc2    3.787234 2.255319 0.000000 5.638298 3.191489 
 Compar  4.829787 6.276596 5.638298 0.000000 5.723404 
 Ppmz    3.787234 3.404255 3.191489 5.723404 0.000000 


new_compatibilityTable_LtoL
          7Zip     Mfc1     Mfc2     Compar   Ppmz    
 7Zip    0.000000 0.271277 0.236702 0.301862 0.236702 
 Mfc1    0.271277 0.000000 0.140957 0.392287 0.212766 
 Mfc2    0.236702 0.140957 0.000000 0.352394 0.199468 
 Compar  0.301862 0.392287 0.352394 0.000000 0.357713 
 Ppmz    0.236702 0.212766 0.199468 0.357713 0.000000 


