compatibilityTable_LtoL
          7Zip     Mfc1     Mfc2     Compar   Ppmz    
 7Zip    0.000000 2.582782 2.357616 3.913907 2.251656 
 Mfc1    2.582782 0.000000 1.205298 4.788079 1.960265 
 Mfc2    2.357616 1.205298 0.000000 4.496689 1.801324 
 Compar  3.913907 4.788079 4.496689 0.000000 4.470199 
 Ppmz    2.251656 1.960265 1.801324 4.470199 0.000000 


new_compatibilityTable_LtoL
          7Zip     Mfc1     Mfc2     Compar   Ppmz    
 7Zip    0.000000 0.161424 0.147351 0.244619 0.140728 
 Mfc1    0.161424 0.000000 0.075331 0.299255 0.122517 
 Mfc2    0.147351 0.075331 0.000000 0.281043 0.112583 
 Compar  0.244619 0.299255 0.281043 0.000000 0.279387 
 Ppmz    0.140728 0.122517 0.112583 0.279387 0.000000 


