compatibilityTable_LtoL
          7Zip     Mfc1     Mfc2     Compar   Ppmz    
 7Zip    0.000000 4.388889 3.888889 5.111111 4.055555 
 Mfc1    4.388889 0.000000 2.222222 6.388889 3.555556 
 Mfc2    3.888889 2.222222 0.000000 5.944445 3.500000 
 Compar  5.111111 6.388889 5.944445 0.000000 6.055555 
 Ppmz    4.055555 3.555556 3.500000 6.055555 0.000000 


new_compatibilityTable_LtoL
          7Zip     Mfc1     Mfc2     Compar   Ppmz    
 7Zip    0.000000 0.274306 0.243056 0.319444 0.253472 
 Mfc1    0.274306 0.000000 0.138889 0.399306 0.222222 
 Mfc2    0.243056 0.138889 0.000000 0.371528 0.218750 
 Compar  0.319444 0.399306 0.371528 0.000000 0.378472 
 Ppmz    0.253472 0.222222 0.218750 0.378472 0.000000 


