compatibilityTable_LtoL
          7Zip     Mfc1     Mfc2     Compar   Ppmz    
 7Zip    0.000000 2.208633 1.920863 3.956835 1.877698 
 Mfc1    2.208633 0.000000 1.014388 4.719424 1.618705 
 Mfc2    1.920863 1.014388 0.000000 4.410072 1.446043 
 Compar  3.956835 4.719424 4.410072 0.000000 4.431654 
 Ppmz    1.877698 1.618705 1.446043 4.431654 0.000000 


new_compatibilityTable_LtoL
          7Zip     Mfc1     Mfc2     Compar   Ppmz    
 7Zip    0.000000 0.138040 0.120054 0.247302 0.117356 
 Mfc1    0.138040 0.000000 0.063399 0.294964 0.101169 
 Mfc2    0.120054 0.063399 0.000000 0.275629 0.090378 
 Compar  0.247302 0.294964 0.275629 0.000000 0.276978 
 Ppmz    0.117356 0.101169 0.090378 0.276978 0.000000 


