compatibilityTable_LtoL
          7Zip     Mfc1     Mfc2     Compar   Ppmz    
 7Zip    0.000000 3.000000 2.745455 4.454545 2.672727 
 Mfc1    3.000000 0.000000 1.527273 5.363636 2.254545 
 Mfc2    2.745455 1.527273 0.000000 5.000000 2.072727 
 Compar  4.454545 5.363636 5.000000 0.000000 5.018182 
 Ppmz    2.672727 2.254545 2.072727 5.018182 0.000000 


new_compatibilityTable_LtoL
          7Zip     Mfc1     Mfc2     Compar   Ppmz    
 7Zip    0.000000 0.187500 0.171591 0.278409 0.167045 
 Mfc1    0.187500 0.000000 0.095455 0.335227 0.140909 
 Mfc2    0.171591 0.095455 0.000000 0.312500 0.129545 
 Compar  0.278409 0.335227 0.312500 0.000000 0.313636 
 Ppmz    0.167045 0.140909 0.129545 0.313636 0.000000 


