compatibilityTable_LtoL
          7Zip     Mfc1     Mfc2     Compar   Ppmz    
 7Zip    0.000000 2.796993 2.571429 4.127820 2.466165 
 Mfc1    2.796993 0.000000 1.338346 5.045113 2.105263 
 Mfc2    2.571429 1.338346 0.000000 4.744361 1.954887 
 Compar  4.127820 5.045113 4.744361 0.000000 4.744361 
 Ppmz    2.466165 2.105263 1.954887 4.744361 0.000000 


new_compatibilityTable_LtoL
          7Zip     Mfc1     Mfc2     Compar   Ppmz    
 7Zip    0.000000 0.174812 0.160714 0.257989 0.154135 
 Mfc1    0.174812 0.000000 0.083647 0.315320 0.131579 
 Mfc2    0.160714 0.083647 0.000000 0.296523 0.122180 
 Compar  0.257989 0.315320 0.296523 0.000000 0.296523 
 Ppmz    0.154135 0.131579 0.122180 0.296523 0.000000 


