compatibilityTable_LtoL
          7Zip     Mfc1     Mfc2     Compar   Ppmz    
 7Zip    0.000000 2.411111 2.188889 3.944444 2.100000 
 Mfc1    2.411111 0.000000 1.055556 4.788889 1.766667 
 Mfc2    2.188889 1.055556 0.000000 4.522222 1.611111 
 Compar  3.944444 4.788889 4.522222 0.000000 4.455555 
 Ppmz    2.100000 1.766667 1.611111 4.455555 0.000000 


new_compatibilityTable_LtoL
          7Zip     Mfc1     Mfc2     Compar   Ppmz    
 7Zip    0.000000 0.150694 0.136806 0.246528 0.131250 
 Mfc1    0.150694 0.000000 0.065972 0.299306 0.110417 
 Mfc2    0.136806 0.065972 0.000000 0.282639 0.100694 
 Compar  0.246528 0.299306 0.282639 0.000000 0.278472 
 Ppmz    0.131250 0.110417 0.100694 0.278472 0.000000 


