compatibilityTable_LtoL
          7Zip     Mfc1     Mfc2     Compar   Ppmz    
 7Zip    0.000000 2.216783 1.916084 3.972028 1.853147 
 Mfc1    2.216783 0.000000 1.006993 4.748252 1.615385 
 Mfc2    1.916084 1.006993 0.000000 4.426573 1.426573 
 Compar  3.972028 4.748252 4.426573 0.000000 4.433567 
 Ppmz    1.853147 1.615385 1.426573 4.433567 0.000000 


new_compatibilityTable_LtoL
          7Zip     Mfc1     Mfc2     Compar   Ppmz    
 7Zip    0.000000 0.138549 0.119755 0.248252 0.115822 
 Mfc1    0.138549 0.000000 0.062937 0.296766 0.100962 
 Mfc2    0.119755 0.062937 0.000000 0.276661 0.089161 
 Compar  0.248252 0.296766 0.276661 0.000000 0.277098 
 Ppmz    0.115822 0.100962 0.089161 0.277098 0.000000 


