compatibilityTable_LtoL
          7Zip     Mfc1     Mfc2     Compar   Ppmz    
 7Zip    0.000000 2.176271 1.891525 4.010170 1.810169 
 Mfc1    2.176271 0.000000 0.989830 4.769492 1.579661 
 Mfc2    1.891525 0.989830 0.000000 4.457627 1.403390 
 Compar  4.010170 4.769492 4.457627 0.000000 4.457627 
 Ppmz    1.810169 1.579661 1.403390 4.457627 0.000000 


new_compatibilityTable_LtoL
          7Zip     Mfc1     Mfc2     Compar   Ppmz    
 7Zip    0.000000 0.136017 0.118220 0.250636 0.113136 
 Mfc1    0.136017 0.000000 0.061864 0.298093 0.098729 
 Mfc2    0.118220 0.061864 0.000000 0.278602 0.087712 
 Compar  0.250636 0.298093 0.278602 0.000000 0.278602 
 Ppmz    0.113136 0.098729 0.087712 0.278602 0.000000 


