compatibilityTable_LtoL
          7Zip     Mfc1     Mfc2     Compar   Ppmz    
 7Zip    0.000000 2.209386 1.927798 3.945848 1.884477 
 Mfc1    2.209386 0.000000 1.010830 4.703971 1.617329 
 Mfc2    1.927798 1.010830 0.000000 4.400722 1.451264 
 Compar  3.945848 4.703971 4.400722 0.000000 4.422383 
 Ppmz    1.884477 1.617329 1.451264 4.422383 0.000000 


new_compatibilityTable_LtoL
          7Zip     Mfc1     Mfc2     Compar   Ppmz    
 7Zip    0.000000 0.138087 0.120487 0.246616 0.117780 
 Mfc1    0.138087 0.000000 0.063177 0.293998 0.101083 
 Mfc2    0.120487 0.063177 0.000000 0.275045 0.090704 
 Compar  0.246616 0.293998 0.275045 0.000000 0.276399 
 Ppmz    0.117780 0.101083 0.090704 0.276399 0.000000 


