compatibilityTable_LtoL
          7Zip     Mfc1     Mfc2     Compar   Ppmz    
 7Zip    0.000000 2.400000 2.093617 4.080851 2.068085 
 Mfc1    2.400000 0.000000 1.097872 4.906383 1.787234 
 Mfc2    2.093617 1.097872 0.000000 4.574468 1.582979 
 Compar  4.080851 4.906383 4.574468 0.000000 4.600000 
 Ppmz    2.068085 1.787234 1.582979 4.600000 0.000000 


new_compatibilityTable_LtoL
          7Zip     Mfc1     Mfc2     Compar   Ppmz    
 7Zip    0.000000 0.150000 0.130851 0.255053 0.129255 
 Mfc1    0.150000 0.000000 0.068617 0.306649 0.111702 
 Mfc2    0.130851 0.068617 0.000000 0.285904 0.098936 
 Compar  0.255053 0.306649 0.285904 0.000000 0.287500 
 Ppmz    0.129255 0.111702 0.098936 0.287500 0.000000 


