compatibilityTable_LtoL
          7Zip     Mfc1     Mfc2     Compar   Ppmz    
 7Zip    0.000000 2.386266 2.077253 4.055794 2.060086 
 Mfc1    2.386266 0.000000 1.107296 4.888412 1.776824 
 Mfc2    2.077253 1.107296 0.000000 4.553648 1.570815 
 Compar  4.055794 4.888412 4.553648 0.000000 4.570816 
 Ppmz    2.060086 1.776824 1.570815 4.570816 0.000000 


new_compatibilityTable_LtoL
          7Zip     Mfc1     Mfc2     Compar   Ppmz    
 7Zip    0.000000 0.149142 0.129828 0.253487 0.128755 
 Mfc1    0.149142 0.000000 0.069206 0.305526 0.111051 
 Mfc2    0.129828 0.069206 0.000000 0.284603 0.098176 
 Compar  0.253487 0.305526 0.284603 0.000000 0.285676 
 Ppmz    0.128755 0.111051 0.098176 0.285676 0.000000 


