compatibilityTable_LtoL
          7Zip     Mfc1     Mfc2     Compar   Ppmz    
 7Zip    0.000000 2.447205 2.236025 3.857143 2.111801 
 Mfc1    2.447205 0.000000 1.130435 4.701863 1.863354 
 Mfc2    2.236025 1.130435 0.000000 4.428571 1.714286 
 Compar  3.857143 4.701863 4.428571 0.000000 4.378882 
 Ppmz    2.111801 1.863354 1.714286 4.378882 0.000000 


new_compatibilityTable_LtoL
          7Zip     Mfc1     Mfc2     Compar   Ppmz    
 7Zip    0.000000 0.152950 0.139752 0.241071 0.131988 
 Mfc1    0.152950 0.000000 0.070652 0.293866 0.116460 
 Mfc2    0.139752 0.070652 0.000000 0.276786 0.107143 
 Compar  0.241071 0.293866 0.276786 0.000000 0.273680 
 Ppmz    0.131988 0.116460 0.107143 0.273680 0.000000 


