compatibilityTable_LtoL
          7Zip     Mfc1     Mfc2     Compar   Ppmz    
 7Zip    0.000000 5.157895 4.315790 5.842105 4.210526 
 Mfc1    5.157895 0.000000 3.578947 6.578948 5.263158 
 Mfc2    4.315790 3.578947 0.000000 6.052631 5.263158 
 Compar  5.842105 6.578948 6.052631 0.000000 5.947369 
 Ppmz    4.210526 5.263158 5.263158 5.947369 0.000000 


new_compatibilityTable_LtoL
          7Zip     Mfc1     Mfc2     Compar   Ppmz    
 7Zip    0.000000 0.322368 0.269737 0.365132 0.263158 
 Mfc1    0.322368 0.000000 0.223684 0.411184 0.328947 
 Mfc2    0.269737 0.223684 0.000000 0.378289 0.328947 
 Compar  0.365132 0.411184 0.378289 0.000000 0.371711 
 Ppmz    0.263158 0.328947 0.328947 0.371711 0.000000 


