compatibilityTable_LtoL
          7Zip     Mfc1     Mfc2     Compar   Ppmz    
 7Zip    0.000000 2.390805 2.183908 3.770115 2.103448 
 Mfc1    2.390805 0.000000 1.057471 4.643678 1.758621 
 Mfc2    2.183908 1.057471 0.000000 4.379310 1.632184 
 Compar  3.770115 4.643678 4.379310 0.000000 4.321839 
 Ppmz    2.103448 1.758621 1.632184 4.321839 0.000000 


new_compatibilityTable_LtoL
          7Zip     Mfc1     Mfc2     Compar   Ppmz    
 7Zip    0.000000 0.149425 0.136494 0.235632 0.131466 
 Mfc1    0.149425 0.000000 0.066092 0.290230 0.109914 
 Mfc2    0.136494 0.066092 0.000000 0.273707 0.102011 
 Compar  0.235632 0.290230 0.273707 0.000000 0.270115 
 Ppmz    0.131466 0.109914 0.102011 0.270115 0.000000 


