compatibilityTable_LtoL
          7Zip     Mfc1     Mfc2     Compar   Ppmz    
 7Zip    0.000000 4.033333 3.633333 4.733333 3.600000 
 Mfc1    4.033333 0.000000 2.133333 6.133333 3.033333 
 Mfc2    3.633333 2.133333 0.000000 5.533333 2.866667 
 Compar  4.733333 6.133333 5.533333 0.000000 5.533333 
 Ppmz    3.600000 3.033333 2.866667 5.533333 0.000000 


new_compatibilityTable_LtoL
          7Zip     Mfc1     Mfc2     Compar   Ppmz    
 7Zip    0.000000 0.252083 0.227083 0.295833 0.225000 
 Mfc1    0.252083 0.000000 0.133333 0.383333 0.189583 
 Mfc2    0.227083 0.133333 0.000000 0.345833 0.179167 
 Compar  0.295833 0.383333 0.345833 0.000000 0.345833 
 Ppmz    0.225000 0.189583 0.179167 0.345833 0.000000 


