compatibilityTable_LtoL
          7Zip     Mfc1     Mfc2     Compar   Ppmz    
 7Zip    0.000000 4.214286 3.642857 5.071429 3.714286 
 Mfc1    4.214286 0.000000 2.785714 5.928571 4.357143 
 Mfc2    3.642857 2.785714 0.000000 5.357143 4.357143 
 Compar  5.071429 5.928571 5.357143 0.000000 5.428571 
 Ppmz    3.714286 4.357143 4.357143 5.428571 0.000000 


new_compatibilityTable_LtoL
          7Zip     Mfc1     Mfc2     Compar   Ppmz    
 7Zip    0.000000 0.263393 0.227679 0.316964 0.232143 
 Mfc1    0.263393 0.000000 0.174107 0.370536 0.272321 
 Mfc2    0.227679 0.174107 0.000000 0.334821 0.272321 
 Compar  0.316964 0.370536 0.334821 0.000000 0.339286 
 Ppmz    0.232143 0.272321 0.272321 0.339286 0.000000 


