compatibilityTable_LtoL
          7Zip     Mfc1     Mfc2     Compar   Ppmz    
 7Zip    0.000000 2.372093 2.162791 3.802325 2.081395 
 Mfc1    2.372093 0.000000 1.069767 4.639535 1.779070 
 Mfc2    2.162791 1.069767 0.000000 4.372093 1.651163 
 Compar  3.802325 4.639535 4.372093 0.000000 4.313953 
 Ppmz    2.081395 1.779070 1.651163 4.313953 0.000000 


new_compatibilityTable_LtoL
          7Zip     Mfc1     Mfc2     Compar   Ppmz    
 7Zip    0.000000 0.148256 0.135174 0.237645 0.130087 
 Mfc1    0.148256 0.000000 0.066860 0.289971 0.111192 
 Mfc2    0.135174 0.066860 0.000000 0.273256 0.103198 
 Compar  0.237645 0.289971 0.273256 0.000000 0.269622 
 Ppmz    0.130087 0.111192 0.103198 0.269622 0.000000 


