compatibilityTable_LtoL
          7Zip     Mfc1     Mfc2     Compar   Ppmz    
 7Zip    0.000000 4.454545 3.863636 4.909091 3.863636 
 Mfc1    4.454545 0.000000 2.227273 6.363636 3.500000 
 Mfc2    3.863636 2.227273 0.000000 5.818182 3.318182 
 Compar  4.909091 6.363636 5.818182 0.000000 5.863636 
 Ppmz    3.863636 3.500000 3.318182 5.863636 0.000000 


new_compatibilityTable_LtoL
          7Zip     Mfc1     Mfc2     Compar   Ppmz    
 7Zip    0.000000 0.278409 0.241477 0.306818 0.241477 
 Mfc1    0.278409 0.000000 0.139205 0.397727 0.218750 
 Mfc2    0.241477 0.139205 0.000000 0.363636 0.207386 
 Compar  0.306818 0.397727 0.363636 0.000000 0.366477 
 Ppmz    0.241477 0.218750 0.207386 0.366477 0.000000 


