compatibilityTable_LtoL
          7Zip     Mfc1     Mfc2     Compar   Ppmz    
 7Zip    0.000000 2.657343 2.433566 4.020979 2.335664 
 Mfc1    2.657343 0.000000 1.258741 4.902098 2.013986 
 Mfc2    2.433566 1.258741 0.000000 4.608392 1.860140 
 Compar  4.020979 4.902098 4.608392 0.000000 4.594406 
 Ppmz    2.335664 2.013986 1.860140 4.594406 0.000000 


new_compatibilityTable_LtoL
          7Zip     Mfc1     Mfc2     Compar   Ppmz    
 7Zip    0.000000 0.166084 0.152098 0.251311 0.145979 
 Mfc1    0.166084 0.000000 0.078671 0.306381 0.125874 
 Mfc2    0.152098 0.078671 0.000000 0.288024 0.116259 
 Compar  0.251311 0.306381 0.288024 0.000000 0.287150 
 Ppmz    0.145979 0.125874 0.116259 0.287150 0.000000 


