compatibilityTable_LtoL
          7Zip     Mfc1     Mfc2     Compar   Ppmz    
 7Zip    0.000000 4.512821 4.000000 5.205128 4.205128 
 Mfc1    4.512821 0.000000 2.153846 6.487179 3.487180 
 Mfc2    4.000000 2.153846 0.000000 6.025641 3.487180 
 Compar  5.205128 6.487179 6.025641 0.000000 6.179487 
 Ppmz    4.205128 3.487180 3.487180 6.179487 0.000000 


new_compatibilityTable_LtoL
          7Zip     Mfc1     Mfc2     Compar   Ppmz    
 7Zip    0.000000 0.282051 0.250000 0.325321 0.262821 
 Mfc1    0.282051 0.000000 0.134615 0.405449 0.217949 
 Mfc2    0.250000 0.134615 0.000000 0.376603 0.217949 
 Compar  0.325321 0.405449 0.376603 0.000000 0.386218 
 Ppmz    0.262821 0.217949 0.217949 0.386218 0.000000 


