compatibilityTable_LtoL
          7Zip     Mfc1     Mfc2     Compar   Ppmz    
 7Zip    0.000000 2.824427 2.595420 4.129771 2.473282 
 Mfc1    2.824427 0.000000 1.358779 5.061069 2.122137 
 Mfc2    2.595420 1.358779 0.000000 4.755725 1.969466 
 Compar  4.129771 5.061069 4.755725 0.000000 4.770992 
 Ppmz    2.473282 2.122137 1.969466 4.770992 0.000000 


new_compatibilityTable_LtoL
          7Zip     Mfc1     Mfc2     Compar   Ppmz    
 7Zip    0.000000 0.176527 0.162214 0.258111 0.154580 
 Mfc1    0.176527 0.000000 0.084924 0.316317 0.132634 
 Mfc2    0.162214 0.084924 0.000000 0.297233 0.123092 
 Compar  0.258111 0.316317 0.297233 0.000000 0.298187 
 Ppmz    0.154580 0.132634 0.123092 0.298187 0.000000 


