compatibilityTable_LtoL
          7Zip     Mfc1     Mfc2     Compar   Ppmz    
 7Zip    0.000000 2.470046 2.129032 3.958525 2.138249 
 Mfc1    2.470046 0.000000 1.161290 4.843318 1.852535 
 Mfc2    2.129032 1.161290 0.000000 4.502304 1.649770 
 Compar  3.958525 4.843318 4.502304 0.000000 4.502304 
 Ppmz    2.138249 1.852535 1.649770 4.502304 0.000000 


new_compatibilityTable_LtoL
          7Zip     Mfc1     Mfc2     Compar   Ppmz    
 7Zip    0.000000 0.154378 0.133065 0.247408 0.133641 
 Mfc1    0.154378 0.000000 0.072581 0.302707 0.115783 
 Mfc2    0.133065 0.072581 0.000000 0.281394 0.103111 
 Compar  0.247408 0.302707 0.281394 0.000000 0.281394 
 Ppmz    0.133641 0.115783 0.103111 0.281394 0.000000 


