compatibilityTable_LtoL
          7Zip     Mfc1     Mfc2     Compar   Ppmz    
 7Zip    0.000000 4.200000 3.666667 4.933333 3.733333 
 Mfc1    4.200000 0.000000 2.600000 5.866667 4.066667 
 Mfc2    3.666667 2.600000 0.000000 5.333333 4.066667 
 Compar  4.933333 5.866667 5.333333 0.000000 5.400000 
 Ppmz    3.733333 4.066667 4.066667 5.400000 0.000000 


new_compatibilityTable_LtoL
          7Zip     Mfc1     Mfc2     Compar   Ppmz    
 7Zip    0.000000 0.262500 0.229167 0.308333 0.233333 
 Mfc1    0.262500 0.000000 0.162500 0.366667 0.254167 
 Mfc2    0.229167 0.162500 0.000000 0.333333 0.254167 
 Compar  0.308333 0.366667 0.333333 0.000000 0.337500 
 Ppmz    0.233333 0.254167 0.254167 0.337500 0.000000 


