compatibilityTable_LtoL
          7Zip     Mfc1     Mfc2     Compar   Ppmz    
 7Zip    0.000000 2.269663 1.985019 4.018727 1.932584 
 Mfc1    2.269663 0.000000 1.041198 4.812734 1.647940 
 Mfc2    1.985019 1.041198 0.000000 4.498127 1.483146 
 Compar  4.018727 4.812734 4.498127 0.000000 4.513109 
 Ppmz    1.932584 1.647940 1.483146 4.513109 0.000000 


new_compatibilityTable_LtoL
          7Zip     Mfc1     Mfc2     Compar   Ppmz    
 7Zip    0.000000 0.141854 0.124064 0.251170 0.120787 
 Mfc1    0.141854 0.000000 0.065075 0.300796 0.102996 
 Mfc2    0.124064 0.065075 0.000000 0.281133 0.092697 
 Compar  0.251170 0.300796 0.281133 0.000000 0.282069 
 Ppmz    0.120787 0.102996 0.092697 0.282069 0.000000 


