compatibilityTable_LtoL
          7Zip     Mfc1     Mfc2     Compar   Ppmz    
 7Zip    0.000000 2.210909 1.934545 3.938182 1.890909 
 Mfc1    2.210909 0.000000 1.010909 4.701818 1.607273 
 Mfc2    1.934545 1.010909 0.000000 4.396364 1.447273 
 Compar  3.938182 4.701818 4.396364 0.000000 4.418182 
 Ppmz    1.890909 1.607273 1.447273 4.418182 0.000000 


new_compatibilityTable_LtoL
          7Zip     Mfc1     Mfc2     Compar   Ppmz    
 7Zip    0.000000 0.138182 0.120909 0.246136 0.118182 
 Mfc1    0.138182 0.000000 0.063182 0.293864 0.100455 
 Mfc2    0.120909 0.063182 0.000000 0.274773 0.090455 
 Compar  0.246136 0.293864 0.274773 0.000000 0.276136 
 Ppmz    0.118182 0.100455 0.090455 0.276136 0.000000 


