compatibilityTable_LtoL
          7Zip     Mfc1     Mfc2     Compar   Ppmz    
 7Zip    0.000000 2.256604 1.992453 4.041510 1.939623 
 Mfc1    2.256604 0.000000 1.026415 4.811321 1.637736 
 Mfc2    1.992453 1.026415 0.000000 4.516981 1.479245 
 Compar  4.041510 4.811321 4.516981 0.000000 4.532075 
 Ppmz    1.939623 1.637736 1.479245 4.532075 0.000000 


new_compatibilityTable_LtoL
          7Zip     Mfc1     Mfc2     Compar   Ppmz    
 7Zip    0.000000 0.141038 0.124528 0.252594 0.121226 
 Mfc1    0.141038 0.000000 0.064151 0.300708 0.102358 
 Mfc2    0.124528 0.064151 0.000000 0.282311 0.092453 
 Compar  0.252594 0.300708 0.282311 0.000000 0.283255 
 Ppmz    0.121226 0.102358 0.092453 0.283255 0.000000 


