compatibilityTable_LtoL
          7Zip     Mfc1     Mfc2     Compar   Ppmz    
 7Zip    0.000000 2.617450 2.389262 3.939597 2.281879 
 Mfc1    2.617450 0.000000 1.221477 4.825503 1.986577 
 Mfc2    2.389262 1.221477 0.000000 4.530201 1.825503 
 Compar  3.939597 4.825503 4.530201 0.000000 4.503356 
 Ppmz    2.281879 1.986577 1.825503 4.503356 0.000000 


new_compatibilityTable_LtoL
          7Zip     Mfc1     Mfc2     Compar   Ppmz    
 7Zip    0.000000 0.163591 0.149329 0.246225 0.142617 
 Mfc1    0.163591 0.000000 0.076342 0.301594 0.124161 
 Mfc2    0.149329 0.076342 0.000000 0.283138 0.114094 
 Compar  0.246225 0.301594 0.283138 0.000000 0.281460 
 Ppmz    0.142617 0.124161 0.114094 0.281460 0.000000 


