compatibilityTable_LtoL
          7Zip     Mfc1     Mfc2     Compar   Ppmz    
 7Zip    0.000000 2.175084 1.892256 3.996633 1.811448 
 Mfc1    2.175084 0.000000 0.983165 4.750842 1.569024 
 Mfc2    1.892256 0.983165 0.000000 4.441077 1.393939 
 Compar  3.996633 4.750842 4.441077 0.000000 4.441077 
 Ppmz    1.811448 1.569024 1.393939 4.441077 0.000000 


new_compatibilityTable_LtoL
          7Zip     Mfc1     Mfc2     Compar   Ppmz    
 7Zip    0.000000 0.135943 0.118266 0.249790 0.113215 
 Mfc1    0.135943 0.000000 0.061448 0.296928 0.098064 
 Mfc2    0.118266 0.061448 0.000000 0.277567 0.087121 
 Compar  0.249790 0.296928 0.277567 0.000000 0.277567 
 Ppmz    0.113215 0.098064 0.087121 0.277567 0.000000 


