compatibilityTable_LtoL
          7Zip     Mfc1     Mfc2     Compar   Ppmz    
 7Zip    0.000000 2.372470 2.089069 4.020243 2.040486 
 Mfc1    2.372470 0.000000 1.068826 4.838057 1.732794 
 Mfc2    2.089069 1.068826 0.000000 4.522267 1.562753 
 Compar  4.020243 4.838057 4.522267 0.000000 4.538462 
 Ppmz    2.040486 1.732794 1.562753 4.538462 0.000000 


new_compatibilityTable_LtoL
          7Zip     Mfc1     Mfc2     Compar   Ppmz    
 7Zip    0.000000 0.148279 0.130567 0.251265 0.127530 
 Mfc1    0.148279 0.000000 0.066802 0.302379 0.108300 
 Mfc2    0.130567 0.066802 0.000000 0.282642 0.097672 
 Compar  0.251265 0.302379 0.282642 0.000000 0.283654 
 Ppmz    0.127530 0.108300 0.097672 0.283654 0.000000 


