compatibilityTable_LtoL
          7Zip     Mfc1     Mfc2     Compar   Ppmz    
 7Zip    0.000000 2.462500 2.250000 3.850000 2.125000 
 Mfc1    2.462500 0.000000 1.137500 4.700000 1.875000 
 Mfc2    2.250000 1.137500 0.000000 4.425000 1.725000 
 Compar  3.850000 4.700000 4.425000 0.000000 4.375000 
 Ppmz    2.125000 1.875000 1.725000 4.375000 0.000000 


new_compatibilityTable_LtoL
          7Zip     Mfc1     Mfc2     Compar   Ppmz    
 7Zip    0.000000 0.153906 0.140625 0.240625 0.132812 
 Mfc1    0.153906 0.000000 0.071094 0.293750 0.117188 
 Mfc2    0.140625 0.071094 0.000000 0.276563 0.107813 
 Compar  0.240625 0.293750 0.276563 0.000000 0.273438 
 Ppmz    0.132812 0.117188 0.107813 0.273438 0.000000 


