compatibilityTable_LtoL
          7Zip     Mfc1     Mfc2     Compar   Ppmz    
 7Zip    0.000000 4.727273 4.000000 5.272727 3.909091 
 Mfc1    4.727273 0.000000 3.181818 6.090909 4.636364 
 Mfc2    4.000000 3.181818 0.000000 5.545455 4.545455 
 Compar  5.272727 6.090909 5.545455 0.000000 5.454545 
 Ppmz    3.909091 4.636364 4.545455 5.454545 0.000000 


new_compatibilityTable_LtoL
          7Zip     Mfc1     Mfc2     Compar   Ppmz    
 7Zip    0.000000 0.295455 0.250000 0.329545 0.244318 
 Mfc1    0.295455 0.000000 0.198864 0.380682 0.289773 
 Mfc2    0.250000 0.198864 0.000000 0.346591 0.284091 
 Compar  0.329545 0.380682 0.346591 0.000000 0.340909 
 Ppmz    0.244318 0.289773 0.284091 0.340909 0.000000 


