compatibilityTable_LtoL
          7Zip     Mfc1     Mfc2     Compar   Ppmz    
 7Zip    0.000000 2.217544 1.915789 3.982456 1.859649 
 Mfc1    2.217544 0.000000 1.010526 4.754386 1.614035 
 Mfc2    1.915789 1.010526 0.000000 4.431579 1.424561 
 Compar  3.982456 4.754386 4.431579 0.000000 4.445614 
 Ppmz    1.859649 1.614035 1.424561 4.445614 0.000000 


new_compatibilityTable_LtoL
          7Zip     Mfc1     Mfc2     Compar   Ppmz    
 7Zip    0.000000 0.138596 0.119737 0.248904 0.116228 
 Mfc1    0.138596 0.000000 0.063158 0.297149 0.100877 
 Mfc2    0.119737 0.063158 0.000000 0.276974 0.089035 
 Compar  0.248904 0.297149 0.276974 0.000000 0.277851 
 Ppmz    0.116228 0.100877 0.089035 0.277851 0.000000 


