compatibilityTable_LtoL
          7Zip     Mfc1     Mfc2     Compar   Ppmz    
 7Zip    0.000000 2.359788 2.126984 3.867725 2.042328 
 Mfc1    2.359788 0.000000 1.047619 4.714286 1.746032 
 Mfc2    2.126984 1.047619 0.000000 4.460318 1.576720 
 Compar  3.867725 4.714286 4.460318 0.000000 4.396825 
 Ppmz    2.042328 1.746032 1.576720 4.396825 0.000000 


new_compatibilityTable_LtoL
          7Zip     Mfc1     Mfc2     Compar   Ppmz    
 7Zip    0.000000 0.147487 0.132937 0.241733 0.127646 
 Mfc1    0.147487 0.000000 0.065476 0.294643 0.109127 
 Mfc2    0.132937 0.065476 0.000000 0.278770 0.098545 
 Compar  0.241733 0.294643 0.278770 0.000000 0.274802 
 Ppmz    0.127646 0.109127 0.098545 0.274802 0.000000 


