compatibilityTable_LtoL
          7Zip     Mfc1     Mfc2     Compar   Ppmz    
 7Zip    0.000000 2.334661 2.055777 3.972111 2.007968 
 Mfc1    2.334661 0.000000 1.051793 4.776893 1.705179 
 Mfc2    2.055777 1.051793 0.000000 4.466136 1.537849 
 Compar  3.972111 4.776893 4.466136 0.000000 4.482072 
 Ppmz    2.007968 1.705179 1.537849 4.482072 0.000000 


new_compatibilityTable_LtoL
          7Zip     Mfc1     Mfc2     Compar   Ppmz    
 7Zip    0.000000 0.145916 0.128486 0.248257 0.125498 
 Mfc1    0.145916 0.000000 0.065737 0.298556 0.106574 
 Mfc2    0.128486 0.065737 0.000000 0.279133 0.096116 
 Compar  0.248257 0.298556 0.279133 0.000000 0.280129 
 Ppmz    0.125498 0.106574 0.096116 0.280129 0.000000 


