compatibilityTable_LtoL
          7Zip     Mfc1     Mfc2     Compar   Ppmz    
 7Zip    0.000000 2.235294 1.955882 3.970588 1.911765 
 Mfc1    2.235294 0.000000 1.022059 4.742647 1.625000 
 Mfc2    1.955882 1.022059 0.000000 4.433824 1.463235 
 Compar  3.970588 4.742647 4.433824 0.000000 4.455883 
 Ppmz    1.911765 1.625000 1.463235 4.455883 0.000000 


new_compatibilityTable_LtoL
          7Zip     Mfc1     Mfc2     Compar   Ppmz    
 7Zip    0.000000 0.139706 0.122243 0.248162 0.119485 
 Mfc1    0.139706 0.000000 0.063879 0.296415 0.101562 
 Mfc2    0.122243 0.063879 0.000000 0.277114 0.091452 
 Compar  0.248162 0.296415 0.277114 0.000000 0.278493 
 Ppmz    0.119485 0.101562 0.091452 0.278493 0.000000 


