compatibilityTable_LtoL
          7Zip     Mfc1     Mfc2     Compar   Ppmz    
 7Zip    0.000000 3.936508 3.523809 4.841270 3.523809 
 Mfc1    3.936508 0.000000 2.063492 6.206349 2.888889 
 Mfc2    3.523809 2.063492 0.000000 5.634921 2.761905 
 Compar  4.841270 6.206349 5.634921 0.000000 5.634921 
 Ppmz    3.523809 2.888889 2.761905 5.634921 0.000000 


new_compatibilityTable_LtoL
          7Zip     Mfc1     Mfc2     Compar   Ppmz    
 7Zip    0.000000 0.246032 0.220238 0.302579 0.220238 
 Mfc1    0.246032 0.000000 0.128968 0.387897 0.180556 
 Mfc2    0.220238 0.128968 0.000000 0.352183 0.172619 
 Compar  0.302579 0.387897 0.352183 0.000000 0.352183 
 Ppmz    0.220238 0.180556 0.172619 0.352183 0.000000 


