compatibilityTable_LtoL
          7Zip     Mfc1     Mfc2     Compar   Ppmz    
 7Zip    0.000000 4.473684 3.947368 5.157895 4.157895 
 Mfc1    4.473684 0.000000 2.210526 6.473684 3.578947 
 Mfc2    3.947368 2.210526 0.000000 6.000000 3.578947 
 Compar  5.157895 6.473684 6.000000 0.000000 6.157895 
 Ppmz    4.157895 3.578947 3.578947 6.157895 0.000000 


new_compatibilityTable_LtoL
          7Zip     Mfc1     Mfc2     Compar   Ppmz    
 7Zip    0.000000 0.279605 0.246711 0.322368 0.259868 
 Mfc1    0.279605 0.000000 0.138158 0.404605 0.223684 
 Mfc2    0.246711 0.138158 0.000000 0.375000 0.223684 
 Compar  0.322368 0.404605 0.375000 0.000000 0.384868 
 Ppmz    0.259868 0.223684 0.223684 0.384868 0.000000 


