compatibilityTable_LtoL
          7Zip     Mfc1     Mfc2     Compar   Ppmz    
 7Zip    0.000000 3.188119 2.910891 4.485148 2.851485 
 Mfc1    3.188119 0.000000 1.623762 5.495049 2.356436 
 Mfc2    2.910891 1.623762 0.000000 5.099010 2.198020 
 Compar  4.485148 5.495049 5.099010 0.000000 5.099010 
 Ppmz    2.851485 2.356436 2.198020 5.099010 0.000000 


new_compatibilityTable_LtoL
          7Zip     Mfc1     Mfc2     Compar   Ppmz    
 7Zip    0.000000 0.199257 0.181931 0.280322 0.178218 
 Mfc1    0.199257 0.000000 0.101485 0.343441 0.147277 
 Mfc2    0.181931 0.101485 0.000000 0.318688 0.137376 
 Compar  0.280322 0.343441 0.318688 0.000000 0.318688 
 Ppmz    0.178218 0.147277 0.137376 0.318688 0.000000 


