compatibilityTable_LtoL
          7Zip     Mfc1     Mfc2     Compar   Ppmz    
 7Zip    0.000000 3.156863 2.882353 4.450980 2.823529 
 Mfc1    3.156863 0.000000 1.607843 5.450980 2.333333 
 Mfc2    2.882353 1.607843 0.000000 5.058824 2.176471 
 Compar  4.450980 5.450980 5.058824 0.000000 5.058824 
 Ppmz    2.823529 2.333333 2.176471 5.058824 0.000000 


new_compatibilityTable_LtoL
          7Zip     Mfc1     Mfc2     Compar   Ppmz    
 7Zip    0.000000 0.197304 0.180147 0.278186 0.176471 
 Mfc1    0.197304 0.000000 0.100490 0.340686 0.145833 
 Mfc2    0.180147 0.100490 0.000000 0.316176 0.136029 
 Compar  0.278186 0.340686 0.316176 0.000000 0.316176 
 Ppmz    0.176471 0.145833 0.136029 0.316176 0.000000 


