compatibilityTable_LtoL
          7Zip     Mfc1     Mfc2     Compar   Ppmz    
 7Zip    0.000000 2.432099 2.222222 3.864197 2.098765 
 Mfc1    2.432099 0.000000 1.123457 4.703704 1.851852 
 Mfc2    2.222222 1.123457 0.000000 4.432099 1.703704 
 Compar  3.864197 4.703704 4.432099 0.000000 4.382716 
 Ppmz    2.098765 1.851852 1.703704 4.382716 0.000000 


new_compatibilityTable_LtoL
          7Zip     Mfc1     Mfc2     Compar   Ppmz    
 7Zip    0.000000 0.152006 0.138889 0.241512 0.131173 
 Mfc1    0.152006 0.000000 0.070216 0.293981 0.115741 
 Mfc2    0.138889 0.070216 0.000000 0.277006 0.106481 
 Compar  0.241512 0.293981 0.277006 0.000000 0.273920 
 Ppmz    0.131173 0.115741 0.106481 0.273920 0.000000 


