compatibilityTable_LtoL
          7Zip     Mfc1     Mfc2     Compar   Ppmz    
 7Zip    0.000000 2.419048 2.123810 3.942857 2.085714 
 Mfc1    2.419048 0.000000 1.104762 4.819047 1.800000 
 Mfc2    2.123810 1.104762 0.000000 4.523809 1.609524 
 Compar  3.942857 4.819047 4.523809 0.000000 4.504762 
 Ppmz    2.085714 1.800000 1.609524 4.504762 0.000000 


new_compatibilityTable_LtoL
          7Zip     Mfc1     Mfc2     Compar   Ppmz    
 7Zip    0.000000 0.151190 0.132738 0.246429 0.130357 
 Mfc1    0.151190 0.000000 0.069048 0.301190 0.112500 
 Mfc2    0.132738 0.069048 0.000000 0.282738 0.100595 
 Compar  0.246429 0.301190 0.282738 0.000000 0.281548 
 Ppmz    0.130357 0.112500 0.100595 0.281548 0.000000 


