compatibilityTable_LtoL
          7Zip     Mfc1     Mfc2     Compar   Ppmz    
 7Zip    0.000000 3.875000 3.468750 4.843750 3.468750 
 Mfc1    3.875000 0.000000 2.031250 6.187500 2.843750 
 Mfc2    3.468750 2.031250 0.000000 5.625000 2.718750 
 Compar  4.843750 6.187500 5.625000 0.000000 5.625000 
 Ppmz    3.468750 2.843750 2.718750 5.625000 0.000000 


new_compatibilityTable_LtoL
          7Zip     Mfc1     Mfc2     Compar   Ppmz    
 7Zip    0.000000 0.242188 0.216797 0.302734 0.216797 
 Mfc1    0.242188 0.000000 0.126953 0.386719 0.177734 
 Mfc2    0.216797 0.126953 0.000000 0.351562 0.169922 
 Compar  0.302734 0.386719 0.351562 0.000000 0.351562 
 Ppmz    0.216797 0.177734 0.169922 0.351562 0.000000 


