compatibilityTable_LtoL
          7Zip     Mfc1     Mfc2     Compar   Ppmz    
 7Zip    0.000000 4.206897 3.655172 5.000000 3.724138 
 Mfc1    4.206897 0.000000 2.689655 5.896552 4.206897 
 Mfc2    3.655172 2.689655 0.000000 5.344828 4.206897 
 Compar  5.000000 5.896552 5.344828 0.000000 5.413793 
 Ppmz    3.724138 4.206897 4.206897 5.413793 0.000000 


new_compatibilityTable_LtoL
          7Zip     Mfc1     Mfc2     Compar   Ppmz    
 7Zip    0.000000 0.262931 0.228448 0.312500 0.232759 
 Mfc1    0.262931 0.000000 0.168103 0.368534 0.262931 
 Mfc2    0.228448 0.168103 0.000000 0.334052 0.262931 
 Compar  0.312500 0.368534 0.334052 0.000000 0.338362 
 Ppmz    0.232759 0.262931 0.262931 0.338362 0.000000 


