compatibilityTable_LtoL
          7Zip     Mfc1     Mfc2     Compar   Ppmz    
 7Zip    0.000000 2.381910 2.090452 3.864322 2.050251 
 Mfc1    2.381910 0.000000 1.095477 4.708543 1.768844 
 Mfc2    2.090452 1.095477 0.000000 4.427135 1.608040 
 Compar  3.864322 4.708543 4.427135 0.000000 4.396985 
 Ppmz    2.050251 1.768844 1.608040 4.396985 0.000000 


new_compatibilityTable_LtoL
          7Zip     Mfc1     Mfc2     Compar   Ppmz    
 7Zip    0.000000 0.148869 0.130653 0.241520 0.128141 
 Mfc1    0.148869 0.000000 0.068467 0.294284 0.110553 
 Mfc2    0.130653 0.068467 0.000000 0.276696 0.100503 
 Compar  0.241520 0.294284 0.276696 0.000000 0.274812 
 Ppmz    0.128141 0.110553 0.100503 0.274812 0.000000 


