compatibilityTable_LtoL
          7Zip     Mfc1     Mfc2     Compar   Ppmz    
 7Zip    0.000000 2.913793 2.689655 4.293103 2.568965 
 Mfc1    2.913793 0.000000 1.465517 5.224138 2.206897 
 Mfc2    2.689655 1.465517 0.000000 4.896552 2.051724 
 Compar  4.293103 5.224138 4.896552 0.000000 4.862069 
 Ppmz    2.568965 2.206897 2.051724 4.862069 0.000000 


new_compatibilityTable_LtoL
          7Zip     Mfc1     Mfc2     Compar   Ppmz    
 7Zip    0.000000 0.182112 0.168103 0.268319 0.160560 
 Mfc1    0.182112 0.000000 0.091595 0.326509 0.137931 
 Mfc2    0.168103 0.091595 0.000000 0.306034 0.128233 
 Compar  0.268319 0.326509 0.306034 0.000000 0.303879 
 Ppmz    0.160560 0.137931 0.128233 0.303879 0.000000 


