compatibilityTable_LtoL
          7Zip     Mfc1     Mfc2     Compar   Ppmz    
 7Zip    0.000000 3.791045 3.343284 4.850746 3.313433 
 Mfc1    3.791045 0.000000 2.000000 6.164179 2.805970 
 Mfc2    3.343284 2.000000 0.000000 5.567164 2.626866 
 Compar  4.850746 6.164179 5.567164 0.000000 5.597015 
 Ppmz    3.313433 2.805970 2.626866 5.597015 0.000000 


new_compatibilityTable_LtoL
          7Zip     Mfc1     Mfc2     Compar   Ppmz    
 7Zip    0.000000 0.236940 0.208955 0.303172 0.207090 
 Mfc1    0.236940 0.000000 0.125000 0.385261 0.175373 
 Mfc2    0.208955 0.125000 0.000000 0.347948 0.164179 
 Compar  0.303172 0.385261 0.347948 0.000000 0.349813 
 Ppmz    0.207090 0.175373 0.164179 0.349813 0.000000 


