compatibilityTable_LtoL
          7Zip     Mfc1     Mfc2     Compar   Ppmz    
 7Zip    0.000000 2.191489 1.900709 4.000000 1.851064 
 Mfc1    2.191489 0.000000 1.007092 4.758865 1.609929 
 Mfc2    1.900709 1.007092 0.000000 4.446808 1.432624 
 Compar  4.000000 4.758865 4.446808 0.000000 4.468085 
 Ppmz    1.851064 1.609929 1.432624 4.468085 0.000000 


new_compatibilityTable_LtoL
          7Zip     Mfc1     Mfc2     Compar   Ppmz    
 7Zip    0.000000 0.136968 0.118794 0.250000 0.115691 
 Mfc1    0.136968 0.000000 0.062943 0.297429 0.100621 
 Mfc2    0.118794 0.062943 0.000000 0.277926 0.089539 
 Compar  0.250000 0.297429 0.277926 0.000000 0.279255 
 Ppmz    0.115691 0.100621 0.089539 0.279255 0.000000 


