compatibilityTable_LtoL
          7Zip     Mfc1     Mfc2     Compar   Ppmz    
 7Zip    0.000000 2.397590 2.180723 3.843374 2.096385 
 Mfc1    2.397590 0.000000 1.108434 4.674699 1.843374 
 Mfc2    2.180723 1.108434 0.000000 4.397590 1.710843 
 Compar  3.843374 4.674699 4.397590 0.000000 4.337349 
 Ppmz    2.096385 1.843374 1.710843 4.337349 0.000000 


new_compatibilityTable_LtoL
          7Zip     Mfc1     Mfc2     Compar   Ppmz    
 7Zip    0.000000 0.149849 0.136295 0.240211 0.131024 
 Mfc1    0.149849 0.000000 0.069277 0.292169 0.115211 
 Mfc2    0.136295 0.069277 0.000000 0.274849 0.106928 
 Compar  0.240211 0.292169 0.274849 0.000000 0.271084 
 Ppmz    0.131024 0.115211 0.106928 0.271084 0.000000 


