compatibilityTable_LtoL
          7Zip     Mfc1     Mfc2     Compar   Ppmz    
 7Zip    0.000000 2.362573 2.152047 3.818713 2.070175 
 Mfc1    2.362573 0.000000 1.076023 4.637427 1.789474 
 Mfc2    2.152047 1.076023 0.000000 4.368421 1.660819 
 Compar  3.818713 4.637427 4.368421 0.000000 4.309941 
 Ppmz    2.070175 1.789474 1.660819 4.309941 0.000000 


new_compatibilityTable_LtoL
          7Zip     Mfc1     Mfc2     Compar   Ppmz    
 7Zip    0.000000 0.147661 0.134503 0.238670 0.129386 
 Mfc1    0.147661 0.000000 0.067251 0.289839 0.111842 
 Mfc2    0.134503 0.067251 0.000000 0.273026 0.103801 
 Compar  0.238670 0.289839 0.273026 0.000000 0.269371 
 Ppmz    0.129386 0.111842 0.103801 0.269371 0.000000 


