compatibilityTable_LtoL
          7Zip     Mfc1     Mfc2     Compar   Ppmz    
 7Zip    0.000000 3.787879 3.393939 4.909091 3.363636 
 Mfc1    3.787879 0.000000 1.969697 6.181818 2.787879 
 Mfc2    3.393939 1.969697 0.000000 5.636364 2.666667 
 Compar  4.909091 6.181818 5.636364 0.000000 5.666667 
 Ppmz    3.363636 2.787879 2.666667 5.666667 0.000000 


new_compatibilityTable_LtoL
          7Zip     Mfc1     Mfc2     Compar   Ppmz    
 7Zip    0.000000 0.236742 0.212121 0.306818 0.210227 
 Mfc1    0.236742 0.000000 0.123106 0.386364 0.174242 
 Mfc2    0.212121 0.123106 0.000000 0.352273 0.166667 
 Compar  0.306818 0.386364 0.352273 0.000000 0.354167 
 Ppmz    0.210227 0.174242 0.166667 0.354167 0.000000 


