compatibilityTable_LtoL
          7Zip     Mfc1     Mfc2     Compar   Ppmz    
 7Zip    0.000000 2.356021 2.115183 3.837696 2.041885 
 Mfc1    2.356021 0.000000 1.047120 4.696335 1.727749 
 Mfc2    2.115183 1.047120 0.000000 4.434555 1.570681 
 Compar  3.837696 4.696335 4.434555 0.000000 4.382199 
 Ppmz    2.041885 1.727749 1.570681 4.382199 0.000000 


new_compatibilityTable_LtoL
          7Zip     Mfc1     Mfc2     Compar   Ppmz    
 7Zip    0.000000 0.147251 0.132199 0.239856 0.127618 
 Mfc1    0.147251 0.000000 0.065445 0.293521 0.107984 
 Mfc2    0.132199 0.065445 0.000000 0.277160 0.098168 
 Compar  0.239856 0.293521 0.277160 0.000000 0.273887 
 Ppmz    0.127618 0.107984 0.098168 0.273887 0.000000 


