compatibilityTable_LtoL
          7Zip     Mfc1     Mfc2     Compar   Ppmz    
 7Zip    0.000000 2.453704 2.120370 3.962963 2.129630 
 Mfc1    2.453704 0.000000 1.148148 4.842593 1.842593 
 Mfc2    2.120370 1.148148 0.000000 4.509259 1.657407 
 Compar  3.962963 4.842593 4.509259 0.000000 4.509259 
 Ppmz    2.129630 1.842593 1.657407 4.509259 0.000000 


new_compatibilityTable_LtoL
          7Zip     Mfc1     Mfc2     Compar   Ppmz    
 7Zip    0.000000 0.153356 0.132523 0.247685 0.133102 
 Mfc1    0.153356 0.000000 0.071759 0.302662 0.115162 
 Mfc2    0.132523 0.071759 0.000000 0.281829 0.103588 
 Compar  0.247685 0.302662 0.281829 0.000000 0.281829 
 Ppmz    0.133102 0.115162 0.103588 0.281829 0.000000 


