compatibilityTable_LtoL
          7Zip     Mfc1     Mfc2     Compar   Ppmz    
 7Zip    0.000000 2.368421 2.126316 3.852632 2.052632 
 Mfc1    2.368421 0.000000 1.052632 4.715789 1.736842 
 Mfc2    2.126316 1.052632 0.000000 4.452631 1.578947 
 Compar  3.852632 4.715789 4.452631 0.000000 4.400000 
 Ppmz    2.052632 1.736842 1.578947 4.400000 0.000000 


new_compatibilityTable_LtoL
          7Zip     Mfc1     Mfc2     Compar   Ppmz    
 7Zip    0.000000 0.148026 0.132895 0.240789 0.128289 
 Mfc1    0.148026 0.000000 0.065789 0.294737 0.108553 
 Mfc2    0.132895 0.065789 0.000000 0.278289 0.098684 
 Compar  0.240789 0.294737 0.278289 0.000000 0.275000 
 Ppmz    0.128289 0.108553 0.098684 0.275000 0.000000 


