compatibilityTable_LtoL
          7Zip     Mfc1     Mfc2     Compar   Ppmz    
 7Zip    0.000000 2.621622 2.405406 3.959460 2.297297 
 Mfc1    2.621622 0.000000 1.216216 4.837838 1.986486 
 Mfc2    2.405406 1.216216 0.000000 4.554054 1.837838 
 Compar  3.959460 4.837838 4.554054 0.000000 4.527027 
 Ppmz    2.297297 1.986486 1.837838 4.527027 0.000000 


new_compatibilityTable_LtoL
          7Zip     Mfc1     Mfc2     Compar   Ppmz    
 7Zip    0.000000 0.163851 0.150338 0.247466 0.143581 
 Mfc1    0.163851 0.000000 0.076014 0.302365 0.124155 
 Mfc2    0.150338 0.076014 0.000000 0.284628 0.114865 
 Compar  0.247466 0.302365 0.284628 0.000000 0.282939 
 Ppmz    0.143581 0.124155 0.114865 0.282939 0.000000 


