compatibilityTable_LtoL
          7Zip     Mfc1     Mfc2     Compar   Ppmz    
 7Zip    0.000000 2.369231 2.092308 3.830769 2.061538 
 Mfc1    2.369231 0.000000 1.066667 4.692307 1.743590 
 Mfc2    2.092308 1.066667 0.000000 4.425641 1.589744 
 Compar  3.830769 4.692307 4.425641 0.000000 4.374359 
 Ppmz    2.061538 1.743590 1.589744 4.374359 0.000000 


new_compatibilityTable_LtoL
          7Zip     Mfc1     Mfc2     Compar   Ppmz    
 7Zip    0.000000 0.148077 0.130769 0.239423 0.128846 
 Mfc1    0.148077 0.000000 0.066667 0.293269 0.108974 
 Mfc2    0.130769 0.066667 0.000000 0.276603 0.099359 
 Compar  0.239423 0.293269 0.276603 0.000000 0.273397 
 Ppmz    0.128846 0.108974 0.099359 0.273397 0.000000 


