compatibilityTable_LtoL
          7Zip     Mfc1     Mfc2     Compar   Ppmz    
 7Zip    0.000000 3.333333 3.041667 4.645833 2.958333 
 Mfc1    3.333333 0.000000 1.708333 5.729167 2.458333 
 Mfc2    3.041667 1.708333 0.000000 5.312500 2.291667 
 Compar  4.645833 5.729167 5.312500 0.000000 5.291667 
 Ppmz    2.958333 2.458333 2.291667 5.291667 0.000000 


new_compatibilityTable_LtoL
          7Zip     Mfc1     Mfc2     Compar   Ppmz    
 7Zip    0.000000 0.208333 0.190104 0.290365 0.184896 
 Mfc1    0.208333 0.000000 0.106771 0.358073 0.153646 
 Mfc2    0.190104 0.106771 0.000000 0.332031 0.143229 
 Compar  0.290365 0.358073 0.332031 0.000000 0.330729 
 Ppmz    0.184896 0.153646 0.143229 0.330729 0.000000 


