compatibilityTable_LtoL
          7Zip     Mfc1     Mfc2     Compar   Ppmz    
 7Zip    0.000000 2.432432 2.108108 3.945946 2.117117 
 Mfc1    2.432432 0.000000 1.162162 4.819820 1.837838 
 Mfc2    2.108108 1.162162 0.000000 4.468469 1.621622 
 Compar  3.945946 4.819820 4.468469 0.000000 4.477478 
 Ppmz    2.117117 1.837838 1.621622 4.477478 0.000000 


new_compatibilityTable_LtoL
          7Zip     Mfc1     Mfc2     Compar   Ppmz    
 7Zip    0.000000 0.152027 0.131757 0.246622 0.132320 
 Mfc1    0.152027 0.000000 0.072635 0.301239 0.114865 
 Mfc2    0.131757 0.072635 0.000000 0.279279 0.101351 
 Compar  0.246622 0.301239 0.279279 0.000000 0.279842 
 Ppmz    0.132320 0.114865 0.101351 0.279842 0.000000 


