compatibilityTable_LtoL
          7Zip     Mfc1     Mfc2     Compar   Ppmz    
 7Zip    0.000000 3.333333 2.965517 4.724138 2.873563 
 Mfc1    3.333333 0.000000 1.793103 5.758621 2.482759 
 Mfc2    2.965517 1.793103 0.000000 5.298851 2.298851 
 Compar  4.724138 5.758621 5.298851 0.000000 5.275862 
 Ppmz    2.873563 2.482759 2.298851 5.275862 0.000000 


new_compatibilityTable_LtoL
          7Zip     Mfc1     Mfc2     Compar   Ppmz    
 7Zip    0.000000 0.208333 0.185345 0.295259 0.179598 
 Mfc1    0.208333 0.000000 0.112069 0.359914 0.155172 
 Mfc2    0.185345 0.112069 0.000000 0.331178 0.143678 
 Compar  0.295259 0.359914 0.331178 0.000000 0.329741 
 Ppmz    0.179598 0.155172 0.143678 0.329741 0.000000 


