compatibilityTable_LtoL
          7Zip     Mfc1     Mfc2     Compar   Ppmz    
 7Zip    0.000000 2.439462 2.116592 3.950673 2.107623 
 Mfc1    2.439462 0.000000 1.156951 4.820628 1.847534 
 Mfc2    2.116592 1.156951 0.000000 4.470852 1.632287 
 Compar  3.950673 4.820628 4.470852 0.000000 4.479821 
 Ppmz    2.107623 1.847534 1.632287 4.479821 0.000000 


new_compatibilityTable_LtoL
          7Zip     Mfc1     Mfc2     Compar   Ppmz    
 7Zip    0.000000 0.152466 0.132287 0.246917 0.131726 
 Mfc1    0.152466 0.000000 0.072309 0.301289 0.115471 
 Mfc2    0.132287 0.072309 0.000000 0.279428 0.102018 
 Compar  0.246917 0.301289 0.279428 0.000000 0.279989 
 Ppmz    0.131726 0.115471 0.102018 0.279989 0.000000 


