compatibilityTable_LtoL
          7Zip     Mfc1     Mfc2     Compar   Ppmz    
 7Zip    0.000000 3.500000 3.078947 4.815790 3.105263 
 Mfc1    3.500000 0.000000 1.868421 5.921052 2.578947 
 Mfc2    3.078947 1.868421 0.000000 5.447369 2.394737 
 Compar  4.815790 5.921052 5.447369 0.000000 5.473684 
 Ppmz    3.105263 2.578947 2.394737 5.473684 0.000000 


new_compatibilityTable_LtoL
          7Zip     Mfc1     Mfc2     Compar   Ppmz    
 7Zip    0.000000 0.218750 0.192434 0.300987 0.194079 
 Mfc1    0.218750 0.000000 0.116776 0.370066 0.161184 
 Mfc2    0.192434 0.116776 0.000000 0.340461 0.149671 
 Compar  0.300987 0.370066 0.340461 0.000000 0.342105 
 Ppmz    0.194079 0.161184 0.149671 0.342105 0.000000 


