compatibilityTable_LtoL
          7Zip     Mfc1     Mfc2     Compar   Ppmz    
 7Zip    0.000000 2.199288 1.907473 3.989324 1.857651 
 Mfc1    2.199288 0.000000 1.010676 4.750890 1.615658 
 Mfc2    1.907473 1.010676 0.000000 4.437722 1.437722 
 Compar  3.989324 4.750890 4.437722 0.000000 4.459074 
 Ppmz    1.857651 1.615658 1.437722 4.459074 0.000000 


new_compatibilityTable_LtoL
          7Zip     Mfc1     Mfc2     Compar   Ppmz    
 7Zip    0.000000 0.137456 0.119217 0.249333 0.116103 
 Mfc1    0.137456 0.000000 0.063167 0.296931 0.100979 
 Mfc2    0.119217 0.063167 0.000000 0.277358 0.089858 
 Compar  0.249333 0.296931 0.277358 0.000000 0.278692 
 Ppmz    0.116103 0.100979 0.089858 0.278692 0.000000 


