compatibilityTable_LtoL
          7Zip     Mfc1     Mfc2     Compar   Ppmz    
 7Zip    0.000000 2.947368 2.719298 4.333333 2.596491 
 Mfc1    2.947368 0.000000 1.491228 5.263158 2.210526 
 Mfc2    2.719298 1.491228 0.000000 4.929824 2.052632 
 Compar  4.333333 5.263158 4.929824 0.000000 4.894737 
 Ppmz    2.596491 2.210526 2.052632 4.894737 0.000000 


new_compatibilityTable_LtoL
          7Zip     Mfc1     Mfc2     Compar   Ppmz    
 7Zip    0.000000 0.184211 0.169956 0.270833 0.162281 
 Mfc1    0.184211 0.000000 0.093202 0.328947 0.138158 
 Mfc2    0.169956 0.093202 0.000000 0.308114 0.128289 
 Compar  0.270833 0.328947 0.308114 0.000000 0.305921 
 Ppmz    0.162281 0.138158 0.128289 0.305921 0.000000 


