compatibilityTable_LtoL
          7Zip     Mfc1     Mfc2     Compar   Ppmz    
 7Zip    0.000000 2.818182 2.590909 4.121212 2.469697 
 Mfc1    2.818182 0.000000 1.348485 5.045455 2.106061 
 Mfc2    2.590909 1.348485 0.000000 4.742424 1.954545 
 Compar  4.121212 5.045455 4.742424 0.000000 4.757576 
 Ppmz    2.469697 2.106061 1.954545 4.757576 0.000000 


new_compatibilityTable_LtoL
          7Zip     Mfc1     Mfc2     Compar   Ppmz    
 7Zip    0.000000 0.176136 0.161932 0.257576 0.154356 
 Mfc1    0.176136 0.000000 0.084280 0.315341 0.131629 
 Mfc2    0.161932 0.084280 0.000000 0.296402 0.122159 
 Compar  0.257576 0.315341 0.296402 0.000000 0.297348 
 Ppmz    0.154356 0.131629 0.122159 0.297348 0.000000 


