compatibilityTable_LtoL
          7Zip     Mfc1     Mfc2     Compar   Ppmz    
 7Zip    0.000000 4.129032 3.612903 5.064516 3.806452 
 Mfc1    4.129032 0.000000 2.516129 5.967742 4.064516 
 Mfc2    3.612903 2.516129 0.000000 5.451613 4.064516 
 Compar  5.064516 5.967742 5.451613 0.000000 5.580645 
 Ppmz    3.806452 4.064516 4.064516 5.580645 0.000000 


new_compatibilityTable_LtoL
          7Zip     Mfc1     Mfc2     Compar   Ppmz    
 7Zip    0.000000 0.258065 0.225806 0.316532 0.237903 
 Mfc1    0.258065 0.000000 0.157258 0.372984 0.254032 
 Mfc2    0.225806 0.157258 0.000000 0.340726 0.254032 
 Compar  0.316532 0.372984 0.340726 0.000000 0.348790 
 Ppmz    0.237903 0.254032 0.254032 0.348790 0.000000 


