compatibilityTable_LtoL
          7Zip     Mfc1     Mfc2     Compar   Ppmz    
 7Zip    0.000000 3.094340 2.830189 4.490566 2.773585 
 Mfc1    3.094340 0.000000 1.584906 5.452830 2.320755 
 Mfc2    2.830189 1.584906 0.000000 5.075472 2.132076 
 Compar  4.490566 5.452830 5.075472 0.000000 5.075472 
 Ppmz    2.773585 2.320755 2.132076 5.075472 0.000000 


new_compatibilityTable_LtoL
          7Zip     Mfc1     Mfc2     Compar   Ppmz    
 7Zip    0.000000 0.193396 0.176887 0.280660 0.173349 
 Mfc1    0.193396 0.000000 0.099057 0.340802 0.145047 
 Mfc2    0.176887 0.099057 0.000000 0.317217 0.133255 
 Compar  0.280660 0.340802 0.317217 0.000000 0.317217 
 Ppmz    0.173349 0.145047 0.133255 0.317217 0.000000 


