compatibilityTable_LtoL
          7Zip     Mfc1     Mfc2     Compar   Ppmz    
 7Zip    0.000000 2.406593 2.175824 3.945055 2.087912 
 Mfc1    2.406593 0.000000 1.054945 4.780220 1.758242 
 Mfc2    2.175824 1.054945 0.000000 4.527472 1.593407 
 Compar  3.945055 4.780220 4.527472 0.000000 4.461538 
 Ppmz    2.087912 1.758242 1.593407 4.461538 0.000000 


new_compatibilityTable_LtoL
          7Zip     Mfc1     Mfc2     Compar   Ppmz    
 7Zip    0.000000 0.150412 0.135989 0.246566 0.130495 
 Mfc1    0.150412 0.000000 0.065934 0.298764 0.109890 
 Mfc2    0.135989 0.065934 0.000000 0.282967 0.099588 
 Compar  0.246566 0.298764 0.282967 0.000000 0.278846 
 Ppmz    0.130495 0.109890 0.099588 0.278846 0.000000 


