compatibilityTable_LtoL
          7Zip     Mfc1     Mfc2     Compar   Ppmz    
 7Zip    0.000000 4.280000 3.680000 4.920000 3.720000 
 Mfc1    4.280000 0.000000 2.240000 6.360000 3.440000 
 Mfc2    3.680000 2.240000 0.000000 5.720000 3.120000 
 Compar  4.920000 6.360000 5.720000 0.000000 5.760000 
 Ppmz    3.720000 3.440000 3.120000 5.760000 0.000000 


new_compatibilityTable_LtoL
          7Zip     Mfc1     Mfc2     Compar   Ppmz    
 7Zip    0.000000 0.267500 0.230000 0.307500 0.232500 
 Mfc1    0.267500 0.000000 0.140000 0.397500 0.215000 
 Mfc2    0.230000 0.140000 0.000000 0.357500 0.195000 
 Compar  0.307500 0.397500 0.357500 0.000000 0.360000 
 Ppmz    0.232500 0.215000 0.195000 0.360000 0.000000 


