compatibilityTable_LtoL
          7Zip     Mfc1     Mfc2     Compar   Ppmz    
 7Zip    0.000000 2.512820 2.294872 3.820513 2.179487 
 Mfc1    2.512820 0.000000 1.166667 4.679487 1.910256 
 Mfc2    2.294872 1.166667 0.000000 4.397436 1.756410 
 Compar  3.820513 4.679487 4.397436 0.000000 4.358974 
 Ppmz    2.179487 1.910256 1.756410 4.358974 0.000000 


new_compatibilityTable_LtoL
          7Zip     Mfc1     Mfc2     Compar   Ppmz    
 7Zip    0.000000 0.157051 0.143429 0.238782 0.136218 
 Mfc1    0.157051 0.000000 0.072917 0.292468 0.119391 
 Mfc2    0.143429 0.072917 0.000000 0.274840 0.109776 
 Compar  0.238782 0.292468 0.274840 0.000000 0.272436 
 Ppmz    0.136218 0.119391 0.109776 0.272436 0.000000 


