compatibilityTable_LtoL
          7Zip     Mfc1     Mfc2     Compar   Ppmz    
 7Zip    0.000000 3.285714 3.000000 4.591837 2.938776 
 Mfc1    3.285714 0.000000 1.673469 5.632653 2.428571 
 Mfc2    3.000000 1.673469 0.000000 5.224490 2.265306 
 Compar  4.591837 5.632653 5.224490 0.000000 5.224490 
 Ppmz    2.938776 2.428571 2.265306 5.224490 0.000000 


new_compatibilityTable_LtoL
          7Zip     Mfc1     Mfc2     Compar   Ppmz    
 7Zip    0.000000 0.205357 0.187500 0.286990 0.183673 
 Mfc1    0.205357 0.000000 0.104592 0.352041 0.151786 
 Mfc2    0.187500 0.104592 0.000000 0.326531 0.141582 
 Compar  0.286990 0.352041 0.326531 0.000000 0.326531 
 Ppmz    0.183673 0.151786 0.141582 0.326531 0.000000 


