compatibilityTable_LtoL
          7Zip     Mfc1     Mfc2     Compar   Ppmz    
 7Zip    0.000000 6.833333 5.500000 7.666667 5.833333 
 Mfc1    6.833333 0.000000 5.666667 8.333333 6.666667 
 Mfc2    5.500000 5.666667 0.000000 7.500000 6.666667 
 Compar  7.666667 8.333333 7.500000 0.000000 8.000000 
 Ppmz    5.833333 6.666667 6.666667 8.000000 0.000000 


new_compatibilityTable_LtoL
          7Zip     Mfc1     Mfc2     Compar   Ppmz    
 7Zip    0.000000 0.427083 0.343750 0.479167 0.364583 
 Mfc1    0.427083 0.000000 0.354167 0.520833 0.416667 
 Mfc2    0.343750 0.354167 0.000000 0.468750 0.416667 
 Compar  0.479167 0.520833 0.468750 0.000000 0.500000 
 Ppmz    0.364583 0.416667 0.416667 0.500000 0.000000 


