compatibilityTable_LtoL
          7Zip     Mfc1     Mfc2     Compar   Ppmz    
 7Zip    0.000000 4.480000 3.920000 5.080000 3.840000 
 Mfc1    4.480000 0.000000 2.880000 5.880000 4.560000 
 Mfc2    3.920000 2.880000 0.000000 5.320000 4.480000 
 Compar  5.080000 5.880000 5.320000 0.000000 5.480000 
 Ppmz    3.840000 4.560000 4.480000 5.480000 0.000000 


new_compatibilityTable_LtoL
          7Zip     Mfc1     Mfc2     Compar   Ppmz    
 7Zip    0.000000 0.280000 0.245000 0.317500 0.240000 
 Mfc1    0.280000 0.000000 0.180000 0.367500 0.285000 
 Mfc2    0.245000 0.180000 0.000000 0.332500 0.280000 
 Compar  0.317500 0.367500 0.332500 0.000000 0.342500 
 Ppmz    0.240000 0.285000 0.280000 0.342500 0.000000 


