compatibilityTable_LtoL
          7Zip     Mfc1     Mfc2     Compar   Ppmz    
 7Zip    0.000000 3.846154 3.446154 4.876923 3.415385 
 Mfc1    3.846154 0.000000 2.000000 6.169231 2.830769 
 Mfc2    3.446154 2.000000 0.000000 5.615385 2.707692 
 Compar  4.876923 6.169231 5.615385 0.000000 5.646154 
 Ppmz    3.415385 2.830769 2.707692 5.646154 0.000000 


new_compatibilityTable_LtoL
          7Zip     Mfc1     Mfc2     Compar   Ppmz    
 7Zip    0.000000 0.240385 0.215385 0.304808 0.213462 
 Mfc1    0.240385 0.000000 0.125000 0.385577 0.176923 
 Mfc2    0.215385 0.125000 0.000000 0.350962 0.169231 
 Compar  0.304808 0.385577 0.350962 0.000000 0.352885 
 Ppmz    0.213462 0.176923 0.169231 0.352885 0.000000 


