compatibilityTable_LtoL
          7Zip     Mfc1     Mfc2     Compar   Ppmz    
 7Zip    0.000000 2.695035 2.468085 4.063830 2.368794 
 Mfc1    2.695035 0.000000 1.276596 4.957447 2.042553 
 Mfc2    2.468085 1.276596 0.000000 4.659575 1.886525 
 Compar  4.063830 4.957447 4.659575 0.000000 4.645390 
 Ppmz    2.368794 2.042553 1.886525 4.645390 0.000000 


new_compatibilityTable_LtoL
          7Zip     Mfc1     Mfc2     Compar   Ppmz    
 7Zip    0.000000 0.168440 0.154255 0.253989 0.148050 
 Mfc1    0.168440 0.000000 0.079787 0.309840 0.127660 
 Mfc2    0.154255 0.079787 0.000000 0.291223 0.117908 
 Compar  0.253989 0.309840 0.291223 0.000000 0.290337 
 Ppmz    0.148050 0.127660 0.117908 0.290337 0.000000 


