compatibilityTable_LtoL
          7Zip     Mfc1     Mfc2     Compar   Ppmz    
 7Zip    0.000000 4.390244 3.902439 5.000000 4.048780 
 Mfc1    4.390244 0.000000 2.195122 6.317073 3.414634 
 Mfc2    3.902439 2.195122 0.000000 5.878049 3.365854 
 Compar  5.000000 6.317073 5.878049 0.000000 5.975610 
 Ppmz    4.048780 3.414634 3.365854 5.975610 0.000000 


new_compatibilityTable_LtoL
          7Zip     Mfc1     Mfc2     Compar   Ppmz    
 7Zip    0.000000 0.274390 0.243902 0.312500 0.253049 
 Mfc1    0.274390 0.000000 0.137195 0.394817 0.213415 
 Mfc2    0.243902 0.137195 0.000000 0.367378 0.210366 
 Compar  0.312500 0.394817 0.367378 0.000000 0.373476 
 Ppmz    0.253049 0.213415 0.210366 0.373476 0.000000 


