compatibilityTable_LtoL
          7Zip     Mfc1     Mfc2     Compar   Ppmz    
 7Zip    0.000000 2.973451 2.725664 4.362832 2.619469 
 Mfc1    2.973451 0.000000 1.486726 5.300885 2.230088 
 Mfc2    2.725664 1.486726 0.000000 4.946903 2.053097 
 Compar  4.362832 5.300885 4.946903 0.000000 4.929204 
 Ppmz    2.619469 2.230088 2.053097 4.929204 0.000000 


new_compatibilityTable_LtoL
          7Zip     Mfc1     Mfc2     Compar   Ppmz    
 7Zip    0.000000 0.185841 0.170354 0.272677 0.163717 
 Mfc1    0.185841 0.000000 0.092920 0.331305 0.139381 
 Mfc2    0.170354 0.092920 0.000000 0.309181 0.128319 
 Compar  0.272677 0.331305 0.309181 0.000000 0.308075 
 Ppmz    0.163717 0.139381 0.128319 0.308075 0.000000 


