compatibilityTable_LtoL
          7Zip     Mfc1     Mfc2     Compar   Ppmz    
 7Zip    0.000000 2.465409 2.251572 3.842767 2.138365 
 Mfc1    2.465409 0.000000 1.144654 4.685534 1.874214 
 Mfc2    2.251572 1.144654 0.000000 4.408805 1.723270 
 Compar  3.842767 4.685534 4.408805 0.000000 4.371069 
 Ppmz    2.138365 1.874214 1.723270 4.371069 0.000000 


new_compatibilityTable_LtoL
          7Zip     Mfc1     Mfc2     Compar   Ppmz    
 7Zip    0.000000 0.154088 0.140723 0.240173 0.133648 
 Mfc1    0.154088 0.000000 0.071541 0.292846 0.117138 
 Mfc2    0.140723 0.071541 0.000000 0.275550 0.107704 
 Compar  0.240173 0.292846 0.275550 0.000000 0.273192 
 Ppmz    0.133648 0.117138 0.107704 0.273192 0.000000 


