compatibilityTable_LtoL
          7Zip     Mfc1     Mfc2     Compar   Ppmz    
 7Zip    0.000000 2.292308 2.015385 3.969231 1.961538 
 Mfc1    2.292308 0.000000 1.038462 4.746154 1.661538 
 Mfc2    2.015385 1.038462 0.000000 4.453846 1.507692 
 Compar  3.969231 4.746154 4.453846 0.000000 4.469231 
 Ppmz    1.961538 1.661538 1.507692 4.469231 0.000000 


new_compatibilityTable_LtoL
          7Zip     Mfc1     Mfc2     Compar   Ppmz    
 7Zip    0.000000 0.143269 0.125962 0.248077 0.122596 
 Mfc1    0.143269 0.000000 0.064904 0.296635 0.103846 
 Mfc2    0.125962 0.064904 0.000000 0.278365 0.094231 
 Compar  0.248077 0.296635 0.278365 0.000000 0.279327 
 Ppmz    0.122596 0.103846 0.094231 0.279327 0.000000 


