compatibilityTable_LtoL
          7Zip     Mfc1     Mfc2     Compar   Ppmz    
 7Zip    0.000000 2.398268 2.086580 4.021645 2.069264 
 Mfc1    2.398268 0.000000 1.116883 4.852814 1.792208 
 Mfc2    2.086580 1.116883 0.000000 4.515152 1.584416 
 Compar  4.021645 4.852814 4.515152 0.000000 4.532467 
 Ppmz    2.069264 1.792208 1.584416 4.532467 0.000000 


new_compatibilityTable_LtoL
          7Zip     Mfc1     Mfc2     Compar   Ppmz    
 7Zip    0.000000 0.149892 0.130411 0.251353 0.129329 
 Mfc1    0.149892 0.000000 0.069805 0.303301 0.112013 
 Mfc2    0.130411 0.069805 0.000000 0.282197 0.099026 
 Compar  0.251353 0.303301 0.282197 0.000000 0.283279 
 Ppmz    0.129329 0.112013 0.099026 0.283279 0.000000 


