compatibilityTable_LtoL
          7Zip     Mfc1     Mfc2     Compar   Ppmz    
 7Zip    0.000000 3.027523 2.770642 4.486238 2.697248 
 Mfc1    3.027523 0.000000 1.541284 5.403670 2.275229 
 Mfc2    2.770642 1.541284 0.000000 5.036697 2.091743 
 Compar  4.486238 5.403670 5.036697 0.000000 5.055046 
 Ppmz    2.697248 2.275229 2.091743 5.055046 0.000000 


new_compatibilityTable_LtoL
          7Zip     Mfc1     Mfc2     Compar   Ppmz    
 7Zip    0.000000 0.189220 0.173165 0.280390 0.168578 
 Mfc1    0.189220 0.000000 0.096330 0.337729 0.142202 
 Mfc2    0.173165 0.096330 0.000000 0.314794 0.130734 
 Compar  0.280390 0.337729 0.314794 0.000000 0.315940 
 Ppmz    0.168578 0.142202 0.130734 0.315940 0.000000 


