compatibilityTable_LtoL
          7Zip     Mfc1     Mfc2     Compar   Ppmz    
 7Zip    0.000000 4.291667 3.708333 4.791667 3.708333 
 Mfc1    4.291667 0.000000 2.250000 6.208333 3.375000 
 Mfc2    3.708333 2.250000 0.000000 5.583333 3.125000 
 Compar  4.791667 6.208333 5.583333 0.000000 5.666667 
 Ppmz    3.708333 3.375000 3.125000 5.666667 0.000000 


new_compatibilityTable_LtoL
          7Zip     Mfc1     Mfc2     Compar   Ppmz    
 7Zip    0.000000 0.268229 0.231771 0.299479 0.231771 
 Mfc1    0.268229 0.000000 0.140625 0.388021 0.210938 
 Mfc2    0.231771 0.140625 0.000000 0.348958 0.195312 
 Compar  0.299479 0.388021 0.348958 0.000000 0.354167 
 Ppmz    0.231771 0.210938 0.195312 0.354167 0.000000 


