compatibilityTable_LtoL
          7Zip     Mfc1     Mfc2     Compar   Ppmz    
 7Zip    0.000000 4.457143 3.942857 5.000000 4.114286 
 Mfc1    4.457143 0.000000 2.285714 6.314286 3.657143 
 Mfc2    3.942857 2.285714 0.000000 5.857143 3.600000 
 Compar  5.000000 6.314286 5.857143 0.000000 5.971428 
 Ppmz    4.114286 3.657143 3.600000 5.971428 0.000000 


new_compatibilityTable_LtoL
          7Zip     Mfc1     Mfc2     Compar   Ppmz    
 7Zip    0.000000 0.278571 0.246429 0.312500 0.257143 
 Mfc1    0.278571 0.000000 0.142857 0.394643 0.228571 
 Mfc2    0.246429 0.142857 0.000000 0.366071 0.225000 
 Compar  0.312500 0.394643 0.366071 0.000000 0.373214 
 Ppmz    0.257143 0.228571 0.225000 0.373214 0.000000 


