compatibilityTable_LtoL
          7Zip     Mfc1     Mfc2     Compar   Ppmz    
 7Zip    0.000000 5.750000 4.750000 6.750000 5.000000 
 Mfc1    5.750000 0.000000 4.250000 7.250000 5.875000 
 Mfc2    4.750000 4.250000 0.000000 6.625000 5.875000 
 Compar  6.750000 7.250000 6.625000 0.000000 6.875000 
 Ppmz    5.000000 5.875000 5.875000 6.875000 0.000000 


new_compatibilityTable_LtoL
          7Zip     Mfc1     Mfc2     Compar   Ppmz    
 7Zip    0.000000 0.359375 0.296875 0.421875 0.312500 
 Mfc1    0.359375 0.000000 0.265625 0.453125 0.367188 
 Mfc2    0.296875 0.265625 0.000000 0.414062 0.367188 
 Compar  0.421875 0.453125 0.414062 0.000000 0.429688 
 Ppmz    0.312500 0.367188 0.367188 0.429688 0.000000 


