compatibilityTable_LtoL
          7Zip     Mfc1     Mfc2     Compar   Ppmz    
 7Zip    0.000000 3.333333 2.977778 4.755556 2.844445 
 Mfc1    3.333333 0.000000 1.777778 5.777778 2.444444 
 Mfc2    2.977778 1.777778 0.000000 5.288889 2.266667 
 Compar  4.755556 5.777778 5.288889 0.000000 5.266667 
 Ppmz    2.844445 2.444444 2.266667 5.266667 0.000000 


new_compatibilityTable_LtoL
          7Zip     Mfc1     Mfc2     Compar   Ppmz    
 7Zip    0.000000 0.208333 0.186111 0.297222 0.177778 
 Mfc1    0.208333 0.000000 0.111111 0.361111 0.152778 
 Mfc2    0.186111 0.111111 0.000000 0.330556 0.141667 
 Compar  0.297222 0.361111 0.330556 0.000000 0.329167 
 Ppmz    0.177778 0.152778 0.141667 0.329167 0.000000 


