compatibilityTable_LtoL
          7Zip     Mfc1     Mfc2     Compar   Ppmz    
 7Zip    0.000000 2.167224 1.879599 3.983278 1.799331 
 Mfc1    2.167224 0.000000 0.983278 4.739130 1.565217 
 Mfc2    1.879599 0.983278 0.000000 4.424749 1.384615 
 Compar  3.983278 4.739130 4.424749 0.000000 4.424749 
 Ppmz    1.799331 1.565217 1.384615 4.424749 0.000000 


new_compatibilityTable_LtoL
          7Zip     Mfc1     Mfc2     Compar   Ppmz    
 7Zip    0.000000 0.135452 0.117475 0.248955 0.112458 
 Mfc1    0.135452 0.000000 0.061455 0.296196 0.097826 
 Mfc2    0.117475 0.061455 0.000000 0.276547 0.086538 
 Compar  0.248955 0.296196 0.276547 0.000000 0.276547 
 Ppmz    0.112458 0.097826 0.086538 0.276547 0.000000 


