compatibilityTable_LtoL
          7Zip     Mfc1     Mfc2     Compar   Ppmz    
 7Zip    0.000000 2.403509 2.087719 3.956140 2.078947 
 Mfc1    2.403509 0.000000 1.131579 4.789474 1.807018 
 Mfc2    2.087719 1.131579 0.000000 4.447369 1.596491 
 Compar  3.956140 4.789474 4.447369 0.000000 4.456141 
 Ppmz    2.078947 1.807018 1.596491 4.456141 0.000000 


new_compatibilityTable_LtoL
          7Zip     Mfc1     Mfc2     Compar   Ppmz    
 7Zip    0.000000 0.150219 0.130482 0.247259 0.129934 
 Mfc1    0.150219 0.000000 0.070724 0.299342 0.112939 
 Mfc2    0.130482 0.070724 0.000000 0.277961 0.099781 
 Compar  0.247259 0.299342 0.277961 0.000000 0.278509 
 Ppmz    0.129934 0.112939 0.099781 0.278509 0.000000 


