compatibilityTable_LtoL
          7Zip     Mfc1     Mfc2     Compar   Ppmz    
 7Zip    0.000000 2.413223 2.123967 4.074380 2.066116 
 Mfc1    2.413223 0.000000 1.090909 4.917356 1.760331 
 Mfc2    2.123967 1.090909 0.000000 4.595041 1.586777 
 Compar  4.074380 4.917356 4.595041 0.000000 4.603306 
 Ppmz    2.066116 1.760331 1.586777 4.603306 0.000000 


new_compatibilityTable_LtoL
          7Zip     Mfc1     Mfc2     Compar   Ppmz    
 7Zip    0.000000 0.150826 0.132748 0.254649 0.129132 
 Mfc1    0.150826 0.000000 0.068182 0.307335 0.110021 
 Mfc2    0.132748 0.068182 0.000000 0.287190 0.099174 
 Compar  0.254649 0.307335 0.287190 0.000000 0.287707 
 Ppmz    0.129132 0.110021 0.099174 0.287707 0.000000 


