compatibilityTable_LtoL
          7Zip     Mfc1     Mfc2     Compar   Ppmz    
 7Zip    0.000000 2.676056 2.450704 4.042253 2.352113 
 Mfc1    2.676056 0.000000 1.267606 4.929577 2.028169 
 Mfc2    2.450704 1.267606 0.000000 4.633803 1.873239 
 Compar  4.042253 4.929577 4.633803 0.000000 4.619718 
 Ppmz    2.352113 2.028169 1.873239 4.619718 0.000000 


new_compatibilityTable_LtoL
          7Zip     Mfc1     Mfc2     Compar   Ppmz    
 7Zip    0.000000 0.167254 0.153169 0.252641 0.147007 
 Mfc1    0.167254 0.000000 0.079225 0.308099 0.126761 
 Mfc2    0.153169 0.079225 0.000000 0.289613 0.117077 
 Compar  0.252641 0.308099 0.289613 0.000000 0.288732 
 Ppmz    0.147007 0.126761 0.117077 0.288732 0.000000 


