compatibilityTable_LtoL
          7Zip     Mfc1     Mfc2     Compar   Ppmz    
 7Zip    0.000000 2.363636 2.139037 3.898396 2.064171 
 Mfc1    2.363636 0.000000 1.048128 4.732620 1.743315 
 Mfc2    2.139037 1.048128 0.000000 4.486631 1.582888 
 Compar  3.898396 4.732620 4.486631 0.000000 4.433155 
 Ppmz    2.064171 1.743315 1.582888 4.433155 0.000000 


new_compatibilityTable_LtoL
          7Zip     Mfc1     Mfc2     Compar   Ppmz    
 7Zip    0.000000 0.147727 0.133690 0.243650 0.129011 
 Mfc1    0.147727 0.000000 0.065508 0.295789 0.108957 
 Mfc2    0.133690 0.065508 0.000000 0.280414 0.098930 
 Compar  0.243650 0.295789 0.280414 0.000000 0.277072 
 Ppmz    0.129011 0.108957 0.098930 0.277072 0.000000 


