compatibilityTable_LtoL
          7Zip     Mfc1     Mfc2     Compar   Ppmz    
 7Zip    0.000000 6.909091 5.636364 7.909091 6.000000 
 Mfc1    6.909091 0.000000 5.818182 8.636364 6.909091 
 Mfc2    5.636364 5.818182 0.000000 7.909091 6.727273 
 Compar  7.909091 8.636364 7.909091 0.000000 8.272727 
 Ppmz    6.000000 6.909091 6.727273 8.272727 0.000000 


new_compatibilityTable_LtoL
          7Zip     Mfc1     Mfc2     Compar   Ppmz    
 7Zip    0.000000 0.431818 0.352273 0.494318 0.375000 
 Mfc1    0.431818 0.000000 0.363636 0.539773 0.431818 
 Mfc2    0.352273 0.363636 0.000000 0.494318 0.420455 
 Compar  0.494318 0.539773 0.494318 0.000000 0.517045 
 Ppmz    0.375000 0.431818 0.420455 0.517045 0.000000 


