compatibilityTable_LtoL
          7Zip     Mfc1     Mfc2     Compar   Ppmz    
 7Zip    0.000000 2.174497 1.885906 3.993289 1.805369 
 Mfc1    2.174497 0.000000 0.986577 4.751678 1.570470 
 Mfc2    1.885906 0.986577 0.000000 4.436242 1.389262 
 Compar  3.993289 4.751678 4.436242 0.000000 4.436242 
 Ppmz    1.805369 1.570470 1.389262 4.436242 0.000000 


new_compatibilityTable_LtoL
          7Zip     Mfc1     Mfc2     Compar   Ppmz    
 7Zip    0.000000 0.135906 0.117869 0.249581 0.112836 
 Mfc1    0.135906 0.000000 0.061661 0.296980 0.098154 
 Mfc2    0.117869 0.061661 0.000000 0.277265 0.086829 
 Compar  0.249581 0.296980 0.277265 0.000000 0.277265 
 Ppmz    0.112836 0.098154 0.086829 0.277265 0.000000 


