compatibilityTable_LtoL
          7Zip     Mfc1     Mfc2     Compar   Ppmz    
 7Zip    0.000000 3.220000 2.940000 4.520000 2.880000 
 Mfc1    3.220000 0.000000 1.640000 5.540000 2.380000 
 Mfc2    2.940000 1.640000 0.000000 5.140000 2.220000 
 Compar  4.520000 5.540000 5.140000 0.000000 5.140000 
 Ppmz    2.880000 2.380000 2.220000 5.140000 0.000000 


new_compatibilityTable_LtoL
          7Zip     Mfc1     Mfc2     Compar   Ppmz    
 7Zip    0.000000 0.201250 0.183750 0.282500 0.180000 
 Mfc1    0.201250 0.000000 0.102500 0.346250 0.148750 
 Mfc2    0.183750 0.102500 0.000000 0.321250 0.138750 
 Compar  0.282500 0.346250 0.321250 0.000000 0.321250 
 Ppmz    0.180000 0.148750 0.138750 0.321250 0.000000 


