compatibilityTable_LtoL
          7Zip     Mfc1     Mfc2     Compar   Ppmz    
 7Zip    0.000000 6.000000 3.333333 6.333333 6.666667 
 Mfc1    6.000000 0.000000 5.333333 7.000000 4.000000 
 Mfc2    3.333333 5.333333 0.000000 6.333333 5.333333 
 Compar  6.333333 7.000000 6.333333 0.000000 7.000000 
 Ppmz    6.666667 4.000000 5.333333 7.000000 0.000000 


new_compatibilityTable_LtoL
          7Zip     Mfc1     Mfc2     Compar   Ppmz    
 7Zip    0.000000 0.375000 0.208333 0.395833 0.416667 
 Mfc1    0.375000 0.000000 0.333333 0.437500 0.250000 
 Mfc2    0.208333 0.333333 0.000000 0.395833 0.333333 
 Compar  0.395833 0.437500 0.395833 0.000000 0.437500 
 Ppmz    0.416667 0.250000 0.333333 0.437500 0.000000 


