compatibilityTable_LtoL
          7Zip     Mfc1     Mfc2     Compar   Ppmz    
 7Zip    0.000000 2.324111 2.039526 3.956522 1.992095 
 Mfc1    2.324111 0.000000 1.051383 4.747036 1.699605 
 Mfc2    2.039526 1.051383 0.000000 4.446640 1.525692 
 Compar  3.956522 4.747036 4.446640 0.000000 4.462451 
 Ppmz    1.992095 1.699605 1.525692 4.462451 0.000000 


new_compatibilityTable_LtoL
          7Zip     Mfc1     Mfc2     Compar   Ppmz    
 7Zip    0.000000 0.145257 0.127470 0.247283 0.124506 
 Mfc1    0.145257 0.000000 0.065711 0.296690 0.106225 
 Mfc2    0.127470 0.065711 0.000000 0.277915 0.095356 
 Compar  0.247283 0.296690 0.277915 0.000000 0.278903 
 Ppmz    0.124506 0.106225 0.095356 0.278903 0.000000 


