compatibilityTable_LtoL
          7Zip     Mfc1     Mfc2     Compar   Ppmz    
 7Zip    0.000000 2.465753 2.136986 3.958904 2.146119 
 Mfc1    2.465753 0.000000 1.178082 4.844749 1.863014 
 Mfc2    2.136986 1.178082 0.000000 4.488585 1.643836 
 Compar  3.958904 4.844749 4.488585 0.000000 4.497717 
 Ppmz    2.146119 1.863014 1.643836 4.497717 0.000000 


new_compatibilityTable_LtoL
          7Zip     Mfc1     Mfc2     Compar   Ppmz    
 7Zip    0.000000 0.154110 0.133562 0.247432 0.134132 
 Mfc1    0.154110 0.000000 0.073630 0.302797 0.116438 
 Mfc2    0.133562 0.073630 0.000000 0.280537 0.102740 
 Compar  0.247432 0.302797 0.280537 0.000000 0.281107 
 Ppmz    0.134132 0.116438 0.102740 0.281107 0.000000 


