compatibilityTable_LtoL
          7Zip     Mfc1     Mfc2     Compar   Ppmz    
 7Zip    0.000000 2.355330 2.071066 3.832487 2.040609 
 Mfc1    2.355330 0.000000 1.065990 4.695432 1.736041 
 Mfc2    2.071066 1.065990 0.000000 4.421320 1.573604 
 Compar  3.832487 4.695432 4.421320 0.000000 4.370558 
 Ppmz    2.040609 1.736041 1.573604 4.370558 0.000000 


new_compatibilityTable_LtoL
          7Zip     Mfc1     Mfc2     Compar   Ppmz    
 7Zip    0.000000 0.147208 0.129442 0.239530 0.127538 
 Mfc1    0.147208 0.000000 0.066624 0.293464 0.108503 
 Mfc2    0.129442 0.066624 0.000000 0.276332 0.098350 
 Compar  0.239530 0.293464 0.276332 0.000000 0.273160 
 Ppmz    0.127538 0.108503 0.098350 0.273160 0.000000 


