compatibilityTable_LtoL
          7Zip     Mfc1     Mfc2     Compar   Ppmz    
 7Zip    0.000000 3.400000 2.975000 4.800000 3.000000 
 Mfc1    3.400000 0.000000 1.825000 5.900000 2.500000 
 Mfc2    2.975000 1.825000 0.000000 5.400000 2.275000 
 Compar  4.800000 5.900000 5.400000 0.000000 5.425000 
 Ppmz    3.000000 2.500000 2.275000 5.425000 0.000000 


new_compatibilityTable_LtoL
          7Zip     Mfc1     Mfc2     Compar   Ppmz    
 7Zip    0.000000 0.212500 0.185937 0.300000 0.187500 
 Mfc1    0.212500 0.000000 0.114063 0.368750 0.156250 
 Mfc2    0.185937 0.114063 0.000000 0.337500 0.142188 
 Compar  0.300000 0.368750 0.337500 0.000000 0.339063 
 Ppmz    0.187500 0.156250 0.142188 0.339063 0.000000 


