compatibilityTable_LtoL
          7Zip     Mfc1     Mfc2     Compar   Ppmz    
 7Zip    0.000000 2.418410 2.125523 4.087866 2.075314 
 Mfc1    2.418410 0.000000 1.104602 4.941422 1.774059 
 Mfc2    2.125523 1.104602 0.000000 4.615063 1.598326 
 Compar  4.087866 4.941422 4.615063 0.000000 4.631799 
 Ppmz    2.075314 1.774059 1.598326 4.631799 0.000000 


new_compatibilityTable_LtoL
          7Zip     Mfc1     Mfc2     Compar   Ppmz    
 7Zip    0.000000 0.151151 0.132845 0.255492 0.129707 
 Mfc1    0.151151 0.000000 0.069038 0.308839 0.110879 
 Mfc2    0.132845 0.069038 0.000000 0.288441 0.099895 
 Compar  0.255492 0.308839 0.288441 0.000000 0.289487 
 Ppmz    0.129707 0.110879 0.099895 0.289487 0.000000 


