compatibilityTable_LtoL
          7Zip     Mfc1     Mfc2     Compar   Ppmz    
 7Zip    0.000000 4.312500 3.812500 5.062500 4.000000 
 Mfc1    4.312500 0.000000 2.437500 6.062500 3.937500 
 Mfc2    3.812500 2.437500 0.000000 5.562500 3.937500 
 Compar  5.062500 6.062500 5.562500 0.000000 5.687500 
 Ppmz    4.000000 3.937500 3.937500 5.687500 0.000000 


new_compatibilityTable_LtoL
          7Zip     Mfc1     Mfc2     Compar   Ppmz    
 7Zip    0.000000 0.269531 0.238281 0.316406 0.250000 
 Mfc1    0.269531 0.000000 0.152344 0.378906 0.246094 
 Mfc2    0.238281 0.152344 0.000000 0.347656 0.246094 
 Compar  0.316406 0.378906 0.347656 0.000000 0.355469 
 Ppmz    0.250000 0.246094 0.246094 0.355469 0.000000 


