compatibilityTable_LtoL
          7Zip     Mfc1     Mfc2     Compar   Ppmz    
 7Zip    0.000000 2.779412 2.544118 4.132353 2.441176 
 Mfc1    2.779412 0.000000 1.323529 5.044117 2.117647 
 Mfc2    2.544118 1.323529 0.000000 4.735294 1.955882 
 Compar  4.132353 5.044117 4.735294 0.000000 4.720588 
 Ppmz    2.441176 2.117647 1.955882 4.720588 0.000000 


new_compatibilityTable_LtoL
          7Zip     Mfc1     Mfc2     Compar   Ppmz    
 7Zip    0.000000 0.173713 0.159007 0.258272 0.152574 
 Mfc1    0.173713 0.000000 0.082721 0.315257 0.132353 
 Mfc2    0.159007 0.082721 0.000000 0.295956 0.122243 
 Compar  0.258272 0.315257 0.295956 0.000000 0.295037 
 Ppmz    0.152574 0.132353 0.122243 0.295037 0.000000 


