compatibilityTable_LtoL
          7Zip     Mfc1     Mfc2     Compar   Ppmz    
 7Zip    0.000000 4.034483 3.620690 4.862069 3.586207 
 Mfc1    4.034483 0.000000 2.206897 6.172414 3.137931 
 Mfc2    3.620690 2.206897 0.000000 5.551724 2.965517 
 Compar  4.862069 6.172414 5.551724 0.000000 5.551724 
 Ppmz    3.586207 3.137931 2.965517 5.551724 0.000000 


new_compatibilityTable_LtoL
          7Zip     Mfc1     Mfc2     Compar   Ppmz    
 7Zip    0.000000 0.252155 0.226293 0.303879 0.224138 
 Mfc1    0.252155 0.000000 0.137931 0.385776 0.196121 
 Mfc2    0.226293 0.137931 0.000000 0.346983 0.185345 
 Compar  0.303879 0.385776 0.346983 0.000000 0.346983 
 Ppmz    0.224138 0.196121 0.185345 0.346983 0.000000 


