compatibilityTable_LtoL
          7Zip     Mfc1     Mfc2     Compar   Ppmz    
 7Zip    0.000000 2.443439 2.117647 3.950226 2.126697 
 Mfc1    2.443439 0.000000 1.167421 4.828054 1.846154 
 Mfc2    2.117647 1.167421 0.000000 4.475113 1.628959 
 Compar  3.950226 4.828054 4.475113 0.000000 4.484163 
 Ppmz    2.126697 1.846154 1.628959 4.484163 0.000000 


new_compatibilityTable_LtoL
          7Zip     Mfc1     Mfc2     Compar   Ppmz    
 7Zip    0.000000 0.152715 0.132353 0.246889 0.132919 
 Mfc1    0.152715 0.000000 0.072964 0.301753 0.115385 
 Mfc2    0.132353 0.072964 0.000000 0.279695 0.101810 
 Compar  0.246889 0.301753 0.279695 0.000000 0.280260 
 Ppmz    0.132919 0.115385 0.101810 0.280260 0.000000 


