compatibilityTable_LtoL
          7Zip     Mfc1     Mfc2     Compar   Ppmz    
 7Zip    0.000000 2.430622 2.133971 3.947368 2.095694 
 Mfc1    2.430622 0.000000 1.110048 4.827751 1.808612 
 Mfc2    2.133971 1.110048 0.000000 4.531100 1.617225 
 Compar  3.947368 4.827751 4.531100 0.000000 4.511962 
 Ppmz    2.095694 1.808612 1.617225 4.511962 0.000000 


new_compatibilityTable_LtoL
          7Zip     Mfc1     Mfc2     Compar   Ppmz    
 7Zip    0.000000 0.151914 0.133373 0.246711 0.130981 
 Mfc1    0.151914 0.000000 0.069378 0.301734 0.113038 
 Mfc2    0.133373 0.069378 0.000000 0.283194 0.101077 
 Compar  0.246711 0.301734 0.283194 0.000000 0.281998 
 Ppmz    0.130981 0.113038 0.101077 0.281998 0.000000 


