compatibilityTable_LtoL
          7Zip     Mfc1     Mfc2     Compar   Ppmz    
 7Zip    0.000000 3.710145 3.275362 4.797101 3.246377 
 Mfc1    3.710145 0.000000 1.942029 6.043478 2.724638 
 Mfc2    3.275362 1.942029 0.000000 5.463768 2.550725 
 Compar  4.797101 6.043478 5.463768 0.000000 5.492754 
 Ppmz    3.246377 2.724638 2.550725 5.492754 0.000000 


new_compatibilityTable_LtoL
          7Zip     Mfc1     Mfc2     Compar   Ppmz    
 7Zip    0.000000 0.231884 0.204710 0.299819 0.202899 
 Mfc1    0.231884 0.000000 0.121377 0.377717 0.170290 
 Mfc2    0.204710 0.121377 0.000000 0.341486 0.159420 
 Compar  0.299819 0.377717 0.341486 0.000000 0.343297 
 Ppmz    0.202899 0.170290 0.159420 0.343297 0.000000 


