compatibilityTable_LtoL
          7Zip     Mfc1     Mfc2     Compar   Ppmz    
 7Zip    0.000000 2.600000 2.373333 3.920000 2.266667 
 Mfc1    2.600000 0.000000 1.213333 4.800000 1.973333 
 Mfc2    2.373333 1.213333 0.000000 4.506667 1.813333 
 Compar  3.920000 4.800000 4.506667 0.000000 4.480000 
 Ppmz    2.266667 1.973333 1.813333 4.480000 0.000000 


new_compatibilityTable_LtoL
          7Zip     Mfc1     Mfc2     Compar   Ppmz    
 7Zip    0.000000 0.162500 0.148333 0.245000 0.141667 
 Mfc1    0.162500 0.000000 0.075833 0.300000 0.123333 
 Mfc2    0.148333 0.075833 0.000000 0.281667 0.113333 
 Compar  0.245000 0.300000 0.281667 0.000000 0.280000 
 Ppmz    0.141667 0.123333 0.113333 0.280000 0.000000 


