compatibilityTable_LtoL
          7Zip     Mfc1     Mfc2     Compar   Ppmz    
 7Zip    0.000000 2.322835 2.039370 3.944882 1.992126 
 Mfc1    2.322835 0.000000 1.047244 4.740158 1.692913 
 Mfc2    2.039370 1.047244 0.000000 4.440945 1.519685 
 Compar  3.944882 4.740158 4.440945 0.000000 4.456693 
 Ppmz    1.992126 1.692913 1.519685 4.456693 0.000000 


new_compatibilityTable_LtoL
          7Zip     Mfc1     Mfc2     Compar   Ppmz    
 7Zip    0.000000 0.145177 0.127461 0.246555 0.124508 
 Mfc1    0.145177 0.000000 0.065453 0.296260 0.105807 
 Mfc2    0.127461 0.065453 0.000000 0.277559 0.094980 
 Compar  0.246555 0.296260 0.277559 0.000000 0.278543 
 Ppmz    0.124508 0.105807 0.094980 0.278543 0.000000 


