compatibilityTable_LtoL
          7Zip     Mfc1     Mfc2     Compar   Ppmz    
 7Zip    0.000000 3.348315 2.988764 4.752809 2.853933 
 Mfc1    3.348315 0.000000 1.797753 5.808989 2.471910 
 Mfc2    2.988764 1.797753 0.000000 5.314607 2.292135 
 Compar  4.752809 5.808989 5.314607 0.000000 5.292135 
 Ppmz    2.853933 2.471910 2.292135 5.292135 0.000000 


new_compatibilityTable_LtoL
          7Zip     Mfc1     Mfc2     Compar   Ppmz    
 7Zip    0.000000 0.209270 0.186798 0.297051 0.178371 
 Mfc1    0.209270 0.000000 0.112360 0.363062 0.154494 
 Mfc2    0.186798 0.112360 0.000000 0.332163 0.143258 
 Compar  0.297051 0.363062 0.332163 0.000000 0.330758 
 Ppmz    0.178371 0.154494 0.143258 0.330758 0.000000 


