compatibilityTable_LtoL
          7Zip     Mfc1     Mfc2     Compar   Ppmz    
 7Zip    0.000000 2.384615 2.076923 4.068376 2.059829 
 Mfc1    2.384615 0.000000 1.102564 4.905983 1.769231 
 Mfc2    2.076923 1.102564 0.000000 4.572649 1.564103 
 Compar  4.068376 4.905983 4.572649 0.000000 4.589744 
 Ppmz    2.059829 1.769231 1.564103 4.589744 0.000000 


new_compatibilityTable_LtoL
          7Zip     Mfc1     Mfc2     Compar   Ppmz    
 7Zip    0.000000 0.149038 0.129808 0.254274 0.128739 
 Mfc1    0.149038 0.000000 0.068910 0.306624 0.110577 
 Mfc2    0.129808 0.068910 0.000000 0.285791 0.097756 
 Compar  0.254274 0.306624 0.285791 0.000000 0.286859 
 Ppmz    0.128739 0.110577 0.097756 0.286859 0.000000 


