compatibilityTable_LtoL
          7Zip     Mfc1     Mfc2     Compar   Ppmz    
 7Zip    0.000000 2.371134 2.103093 3.824742 2.061856 
 Mfc1    2.371134 0.000000 1.061856 4.690722 1.731959 
 Mfc2    2.103093 1.061856 0.000000 4.422680 1.587629 
 Compar  3.824742 4.690722 4.422680 0.000000 4.371134 
 Ppmz    2.061856 1.731959 1.587629 4.371134 0.000000 


new_compatibilityTable_LtoL
          7Zip     Mfc1     Mfc2     Compar   Ppmz    
 7Zip    0.000000 0.148196 0.131443 0.239046 0.128866 
 Mfc1    0.148196 0.000000 0.066366 0.293170 0.108247 
 Mfc2    0.131443 0.066366 0.000000 0.276418 0.099227 
 Compar  0.239046 0.293170 0.276418 0.000000 0.273196 
 Ppmz    0.128866 0.108247 0.099227 0.273196 0.000000 


