compatibilityTable_LtoL
          7Zip     Mfc1     Mfc2     Compar   Ppmz    
 7Zip    0.000000 2.353535 2.070707 3.838384 2.030303 
 Mfc1    2.353535 0.000000 1.060606 4.686869 1.737374 
 Mfc2    2.070707 1.060606 0.000000 4.414141 1.575758 
 Compar  3.838384 4.686869 4.414141 0.000000 4.373737 
 Ppmz    2.030303 1.737374 1.575758 4.373737 0.000000 


new_compatibilityTable_LtoL
          7Zip     Mfc1     Mfc2     Compar   Ppmz    
 7Zip    0.000000 0.147096 0.129419 0.239899 0.126894 
 Mfc1    0.147096 0.000000 0.066288 0.292929 0.108586 
 Mfc2    0.129419 0.066288 0.000000 0.275884 0.098485 
 Compar  0.239899 0.292929 0.275884 0.000000 0.273359 
 Ppmz    0.126894 0.108586 0.098485 0.273359 0.000000 


