compatibilityTable_LtoL
          7Zip     Mfc1     Mfc2     Compar   Ppmz    
 7Zip    0.000000 2.227106 1.948718 3.959707 1.904762 
 Mfc1    2.227106 0.000000 1.018315 4.728938 1.619048 
 Mfc2    1.948718 1.018315 0.000000 4.421246 1.457875 
 Compar  3.959707 4.728938 4.421246 0.000000 4.443223 
 Ppmz    1.904762 1.619048 1.457875 4.443223 0.000000 


new_compatibilityTable_LtoL
          7Zip     Mfc1     Mfc2     Compar   Ppmz    
 7Zip    0.000000 0.139194 0.121795 0.247482 0.119048 
 Mfc1    0.139194 0.000000 0.063645 0.295559 0.101190 
 Mfc2    0.121795 0.063645 0.000000 0.276328 0.091117 
 Compar  0.247482 0.295559 0.276328 0.000000 0.277701 
 Ppmz    0.119048 0.101190 0.091117 0.277701 0.000000 


