compatibilityTable_LtoL
          7Zip     Mfc1     Mfc2     Compar   Ppmz    
 7Zip    0.000000 2.426966 2.202247 3.887640 2.112360 
 Mfc1    2.426966 0.000000 1.067416 4.741573 1.786517 
 Mfc2    2.202247 1.067416 0.000000 4.471910 1.629213 
 Compar  3.887640 4.741573 4.471910 0.000000 4.404494 
 Ppmz    2.112360 1.786517 1.629213 4.404494 0.000000 


new_compatibilityTable_LtoL
          7Zip     Mfc1     Mfc2     Compar   Ppmz    
 7Zip    0.000000 0.151685 0.137640 0.242978 0.132022 
 Mfc1    0.151685 0.000000 0.066713 0.296348 0.111657 
 Mfc2    0.137640 0.066713 0.000000 0.279494 0.101826 
 Compar  0.242978 0.296348 0.279494 0.000000 0.275281 
 Ppmz    0.132022 0.111657 0.101826 0.275281 0.000000 


