compatibilityTable_LtoL
          7Zip     Mfc1     Mfc2     Compar   Ppmz    
 7Zip    0.000000 3.362637 3.010989 4.758242 2.879121 
 Mfc1    3.362637 0.000000 1.758242 5.813187 2.461539 
 Mfc2    3.010989 1.758242 0.000000 5.329670 2.285714 
 Compar  4.758242 5.813187 5.329670 0.000000 5.329670 
 Ppmz    2.879121 2.461539 2.285714 5.329670 0.000000 


new_compatibilityTable_LtoL
          7Zip     Mfc1     Mfc2     Compar   Ppmz    
 7Zip    0.000000 0.210165 0.188187 0.297390 0.179945 
 Mfc1    0.210165 0.000000 0.109890 0.363324 0.153846 
 Mfc2    0.188187 0.109890 0.000000 0.333104 0.142857 
 Compar  0.297390 0.363324 0.333104 0.000000 0.333104 
 Ppmz    0.179945 0.153846 0.142857 0.333104 0.000000 


