compatibilityTable_LtoL
          7Zip     Mfc1     Mfc2     Compar   Ppmz    
 7Zip    0.000000 2.414097 2.096916 3.960352 2.088106 
 Mfc1    2.414097 0.000000 1.136564 4.797357 1.814978 
 Mfc2    2.096916 1.136564 0.000000 4.453744 1.603524 
 Compar  3.960352 4.797357 4.453744 0.000000 4.462555 
 Ppmz    2.088106 1.814978 1.603524 4.462555 0.000000 


new_compatibilityTable_LtoL
          7Zip     Mfc1     Mfc2     Compar   Ppmz    
 7Zip    0.000000 0.150881 0.131057 0.247522 0.130507 
 Mfc1    0.150881 0.000000 0.071035 0.299835 0.113436 
 Mfc2    0.131057 0.071035 0.000000 0.278359 0.100220 
 Compar  0.247522 0.299835 0.278359 0.000000 0.278910 
 Ppmz    0.130507 0.113436 0.100220 0.278910 0.000000 


