compatibilityTable_LtoL
          7Zip     Mfc1     Mfc2     Compar   Ppmz    
 7Zip    0.000000 2.170068 1.884354 4.013606 1.816326 
 Mfc1    2.170068 0.000000 0.986395 4.768707 1.571429 
 Mfc2    1.884354 0.986395 0.000000 4.462585 1.394558 
 Compar  4.013606 4.768707 4.462585 0.000000 4.462585 
 Ppmz    1.816326 1.571429 1.394558 4.462585 0.000000 


new_compatibilityTable_LtoL
          7Zip     Mfc1     Mfc2     Compar   Ppmz    
 7Zip    0.000000 0.135629 0.117772 0.250850 0.113520 
 Mfc1    0.135629 0.000000 0.061650 0.298044 0.098214 
 Mfc2    0.117772 0.061650 0.000000 0.278912 0.087160 
 Compar  0.250850 0.298044 0.278912 0.000000 0.278912 
 Ppmz    0.113520 0.098214 0.087160 0.278912 0.000000 


