compatibilityTable_LtoL
          7Zip     Mfc1     Mfc2     Compar   Ppmz    
 7Zip    0.000000 2.367347 2.081633 3.826531 2.051020 
 Mfc1    2.367347 0.000000 1.071429 4.693878 1.744898 
 Mfc2    2.081633 1.071429 0.000000 4.418367 1.581633 
 Compar  3.826531 4.693878 4.418367 0.000000 4.367347 
 Ppmz    2.051020 1.744898 1.581633 4.367347 0.000000 


new_compatibilityTable_LtoL
          7Zip     Mfc1     Mfc2     Compar   Ppmz    
 7Zip    0.000000 0.147959 0.130102 0.239158 0.128189 
 Mfc1    0.147959 0.000000 0.066964 0.293367 0.109056 
 Mfc2    0.130102 0.066964 0.000000 0.276148 0.098852 
 Compar  0.239158 0.293367 0.276148 0.000000 0.272959 
 Ppmz    0.128189 0.109056 0.098852 0.272959 0.000000 


