compatibilityTable_LtoL
          7Zip     Mfc1     Mfc2     Compar   Ppmz    
 7Zip    0.000000 2.467290 2.140187 3.971963 2.149533 
 Mfc1    2.467290 0.000000 1.149533 4.850467 1.850467 
 Mfc2    2.140187 1.149533 0.000000 4.523365 1.672897 
 Compar  3.971963 4.850467 4.523365 0.000000 4.523365 
 Ppmz    2.149533 1.850467 1.672897 4.523365 0.000000 


new_compatibilityTable_LtoL
          7Zip     Mfc1     Mfc2     Compar   Ppmz    
 7Zip    0.000000 0.154206 0.133762 0.248248 0.134346 
 Mfc1    0.154206 0.000000 0.071846 0.303154 0.115654 
 Mfc2    0.133762 0.071846 0.000000 0.282710 0.104556 
 Compar  0.248248 0.303154 0.282710 0.000000 0.282710 
 Ppmz    0.134346 0.115654 0.104556 0.282710 0.000000 


