compatibilityTable_LtoL
          7Zip     Mfc1     Mfc2     Compar   Ppmz    
 7Zip    0.000000 2.409091 2.193182 3.829545 2.102273 
 Mfc1    2.409091 0.000000 1.056818 4.693182 1.784091 
 Mfc2    2.193182 1.056818 0.000000 4.431818 1.647727 
 Compar  3.829545 4.693182 4.431818 0.000000 4.363636 
 Ppmz    2.102273 1.784091 1.647727 4.363636 0.000000 


new_compatibilityTable_LtoL
          7Zip     Mfc1     Mfc2     Compar   Ppmz    
 7Zip    0.000000 0.150568 0.137074 0.239347 0.131392 
 Mfc1    0.150568 0.000000 0.066051 0.293324 0.111506 
 Mfc2    0.137074 0.066051 0.000000 0.276989 0.102983 
 Compar  0.239347 0.293324 0.276989 0.000000 0.272727 
 Ppmz    0.131392 0.111506 0.102983 0.272727 0.000000 


