compatibilityTable_LtoL
          7Zip     Mfc1     Mfc2     Compar   Ppmz    
 7Zip    0.000000 2.391837 2.106122 4.044898 2.057143 
 Mfc1    2.391837 0.000000 1.077551 4.869388 1.746939 
 Mfc2    2.106122 1.077551 0.000000 4.551021 1.575510 
 Compar  4.044898 4.869388 4.551021 0.000000 4.567347 
 Ppmz    2.057143 1.746939 1.575510 4.567347 0.000000 


new_compatibilityTable_LtoL
          7Zip     Mfc1     Mfc2     Compar   Ppmz    
 7Zip    0.000000 0.149490 0.131633 0.252806 0.128571 
 Mfc1    0.149490 0.000000 0.067347 0.304337 0.109184 
 Mfc2    0.131633 0.067347 0.000000 0.284439 0.098469 
 Compar  0.252806 0.304337 0.284439 0.000000 0.285459 
 Ppmz    0.128571 0.109184 0.098469 0.285459 0.000000 


