compatibilityTable_LtoL
          7Zip     Mfc1     Mfc2     Compar   Ppmz    
 7Zip    0.000000 2.260223 1.977695 4.003717 1.925651 
 Mfc1    2.260223 0.000000 1.033457 4.784387 1.635688 
 Mfc2    1.977695 1.033457 0.000000 4.472119 1.472119 
 Compar  4.003717 4.784387 4.472119 0.000000 4.486989 
 Ppmz    1.925651 1.635688 1.472119 4.486989 0.000000 


new_compatibilityTable_LtoL
          7Zip     Mfc1     Mfc2     Compar   Ppmz    
 7Zip    0.000000 0.141264 0.123606 0.250232 0.120353 
 Mfc1    0.141264 0.000000 0.064591 0.299024 0.102230 
 Mfc2    0.123606 0.064591 0.000000 0.279507 0.092007 
 Compar  0.250232 0.299024 0.279507 0.000000 0.280437 
 Ppmz    0.120353 0.102230 0.092007 0.280437 0.000000 


