compatibilityTable_LtoL
          7Zip     Mfc1     Mfc2     Compar   Ppmz    
 7Zip    0.000000 4.188679 3.660377 4.924528 3.698113 
 Mfc1    4.188679 0.000000 2.150943 6.283019 3.320755 
 Mfc2    3.660377 2.150943 0.000000 5.679245 3.056604 
 Compar  4.924528 6.283019 5.679245 0.000000 5.679245 
 Ppmz    3.698113 3.320755 3.056604 5.679245 0.000000 


new_compatibilityTable_LtoL
          7Zip     Mfc1     Mfc2     Compar   Ppmz    
 7Zip    0.000000 0.261792 0.228774 0.307783 0.231132 
 Mfc1    0.261792 0.000000 0.134434 0.392689 0.207547 
 Mfc2    0.228774 0.134434 0.000000 0.354953 0.191038 
 Compar  0.307783 0.392689 0.354953 0.000000 0.354953 
 Ppmz    0.231132 0.207547 0.191038 0.354953 0.000000 


