compatibilityTable_LtoL
          7Zip     Mfc1     Mfc2     Compar   Ppmz    
 7Zip    0.000000 5.111111 4.222222 6.111111 4.444445 
 Mfc1    5.111111 0.000000 3.777778 6.555555 5.222222 
 Mfc2    4.222222 3.777778 0.000000 6.000000 5.222222 
 Compar  6.111111 6.555555 6.000000 0.000000 6.222222 
 Ppmz    4.444445 5.222222 5.222222 6.222222 0.000000 


new_compatibilityTable_LtoL
          7Zip     Mfc1     Mfc2     Compar   Ppmz    
 7Zip    0.000000 0.319444 0.263889 0.381944 0.277778 
 Mfc1    0.319444 0.000000 0.236111 0.409722 0.326389 
 Mfc2    0.263889 0.236111 0.000000 0.375000 0.326389 
 Compar  0.381944 0.409722 0.375000 0.000000 0.388889 
 Ppmz    0.277778 0.326389 0.326389 0.388889 0.000000 


