compatibilityTable_LtoL
          7Zip     Mfc1     Mfc2     Compar   Ppmz    
 7Zip    0.000000 2.361702 2.138298 3.882979 2.053191 
 Mfc1    2.361702 0.000000 1.042553 4.723404 1.744681 
 Mfc2    2.138298 1.042553 0.000000 4.478724 1.585106 
 Compar  3.882979 4.723404 4.478724 0.000000 4.414894 
 Ppmz    2.053191 1.744681 1.585106 4.414894 0.000000 


new_compatibilityTable_LtoL
          7Zip     Mfc1     Mfc2     Compar   Ppmz    
 7Zip    0.000000 0.147606 0.133644 0.242686 0.128324 
 Mfc1    0.147606 0.000000 0.065160 0.295213 0.109043 
 Mfc2    0.133644 0.065160 0.000000 0.279920 0.099069 
 Compar  0.242686 0.295213 0.279920 0.000000 0.275931 
 Ppmz    0.128324 0.109043 0.099069 0.275931 0.000000 


