compatibilityTable_LtoL
          7Zip     Mfc1     Mfc2     Compar   Ppmz    
 7Zip    0.000000 6.615385 5.384615 7.769231 6.000000 
 Mfc1    6.615385 0.000000 5.230769 8.538462 6.923077 
 Mfc2    5.384615 5.230769 0.000000 7.769231 6.923077 
 Compar  7.769231 8.538462 7.769231 0.000000 8.076923 
 Ppmz    6.000000 6.923077 6.923077 8.076923 0.000000 


new_compatibilityTable_LtoL
          7Zip     Mfc1     Mfc2     Compar   Ppmz    
 7Zip    0.000000 0.413462 0.336538 0.485577 0.375000 
 Mfc1    0.413462 0.000000 0.326923 0.533654 0.432692 
 Mfc2    0.336538 0.326923 0.000000 0.485577 0.432692 
 Compar  0.485577 0.533654 0.485577 0.000000 0.504808 
 Ppmz    0.375000 0.432692 0.432692 0.504808 0.000000 


