compatibilityTable_LtoL
          7Zip     Mfc1     Mfc2     Compar   Ppmz    
 7Zip    0.000000 4.465117 3.860465 4.953488 3.953488 
 Mfc1    4.465117 0.000000 2.279070 6.395349 3.488372 
 Mfc2    3.860465 2.279070 0.000000 5.837209 3.302325 
 Compar  4.953488 6.395349 5.837209 0.000000 5.930233 
 Ppmz    3.953488 3.488372 3.302325 5.930233 0.000000 


new_compatibilityTable_LtoL
          7Zip     Mfc1     Mfc2     Compar   Ppmz    
 7Zip    0.000000 0.279070 0.241279 0.309593 0.247093 
 Mfc1    0.279070 0.000000 0.142442 0.399709 0.218023 
 Mfc2    0.241279 0.142442 0.000000 0.364826 0.206395 
 Compar  0.309593 0.399709 0.364826 0.000000 0.370640 
 Ppmz    0.247093 0.218023 0.206395 0.370640 0.000000 


