compatibilityTable_LtoL
          7Zip     Mfc1     Mfc2     Compar   Ppmz    
 7Zip    0.000000 2.293436 2.015444 3.949807 1.969112 
 Mfc1    2.293436 0.000000 1.042471 4.729730 1.660232 
 Mfc2    2.015444 1.042471 0.000000 4.436294 1.505792 
 Compar  3.949807 4.729730 4.436294 0.000000 4.451737 
 Ppmz    1.969112 1.660232 1.505792 4.451737 0.000000 


new_compatibilityTable_LtoL
          7Zip     Mfc1     Mfc2     Compar   Ppmz    
 7Zip    0.000000 0.143340 0.125965 0.246863 0.123069 
 Mfc1    0.143340 0.000000 0.065154 0.295608 0.103764 
 Mfc2    0.125965 0.065154 0.000000 0.277268 0.094112 
 Compar  0.246863 0.295608 0.277268 0.000000 0.278234 
 Ppmz    0.123069 0.103764 0.094112 0.278234 0.000000 


