compatibilityTable_LtoL
          7Zip     Mfc1     Mfc2     Compar   Ppmz    
 7Zip    0.000000 6.133333 5.066667 7.133333 5.333333 
 Mfc1    6.133333 0.000000 4.533333 7.666667 6.266667 
 Mfc2    5.066667 4.533333 0.000000 7.000000 6.266667 
 Compar  7.133333 7.666667 7.000000 0.000000 7.266667 
 Ppmz    5.333333 6.266667 6.266667 7.266667 0.000000 


new_compatibilityTable_LtoL
          7Zip     Mfc1     Mfc2     Compar   Ppmz    
 7Zip    0.000000 0.383333 0.316667 0.445833 0.333333 
 Mfc1    0.383333 0.000000 0.283333 0.479167 0.391667 
 Mfc2    0.316667 0.283333 0.000000 0.437500 0.391667 
 Compar  0.445833 0.479167 0.437500 0.000000 0.454167 
 Ppmz    0.333333 0.391667 0.391667 0.454167 0.000000 


