compatibilityTable_LtoL
          7Zip     Mfc1     Mfc2     Compar   Ppmz    
 7Zip    0.000000 5.142857 4.000000 6.428571 4.857143 
 Mfc1    5.142857 0.000000 4.285714 7.285714 4.571429 
 Mfc2    4.000000 4.285714 0.000000 7.000000 5.142857 
 Compar  6.428571 7.285714 7.000000 0.000000 7.000000 
 Ppmz    4.857143 4.571429 5.142857 7.000000 0.000000 


new_compatibilityTable_LtoL
          7Zip     Mfc1     Mfc2     Compar   Ppmz    
 7Zip    0.000000 0.321429 0.250000 0.401786 0.303571 
 Mfc1    0.321429 0.000000 0.267857 0.455357 0.285714 
 Mfc2    0.250000 0.267857 0.000000 0.437500 0.321429 
 Compar  0.401786 0.455357 0.437500 0.000000 0.437500 
 Ppmz    0.303571 0.285714 0.321429 0.437500 0.000000 


