compatibilityTable_LtoL
          7Zip     Mfc1     Mfc2     Compar   Ppmz    
 7Zip    0.000000 3.301205 2.891566 4.686747 2.891566 
 Mfc1    3.301205 0.000000 1.759036 5.722891 2.433735 
 Mfc2    2.891566 1.759036 0.000000 5.240964 2.216867 
 Compar  4.686747 5.722891 5.240964 0.000000 5.289156 
 Ppmz    2.891566 2.433735 2.216867 5.289156 0.000000 


new_compatibilityTable_LtoL
          7Zip     Mfc1     Mfc2     Compar   Ppmz    
 7Zip    0.000000 0.206325 0.180723 0.292922 0.180723 
 Mfc1    0.206325 0.000000 0.109940 0.357681 0.152108 
 Mfc2    0.180723 0.109940 0.000000 0.327560 0.138554 
 Compar  0.292922 0.357681 0.327560 0.000000 0.330572 
 Ppmz    0.180723 0.152108 0.138554 0.330572 0.000000 


