compatibilityTable_LtoL
          7Zip     Mfc1     Mfc2     Compar   Ppmz    
 7Zip    0.000000 4.432433 3.945946 5.162162 4.108108 
 Mfc1    4.432433 0.000000 2.216216 6.405406 3.513514 
 Mfc2    3.945946 2.216216 0.000000 5.972973 3.513514 
 Compar  5.162162 6.405406 5.972973 0.000000 6.081081 
 Ppmz    4.108108 3.513514 3.513514 6.081081 0.000000 


new_compatibilityTable_LtoL
          7Zip     Mfc1     Mfc2     Compar   Ppmz    
 7Zip    0.000000 0.277027 0.246622 0.322635 0.256757 
 Mfc1    0.277027 0.000000 0.138514 0.400338 0.219595 
 Mfc2    0.246622 0.138514 0.000000 0.373311 0.219595 
 Compar  0.322635 0.400338 0.373311 0.000000 0.380068 
 Ppmz    0.256757 0.219595 0.219595 0.380068 0.000000 


