compatibilityTable_LtoL
          7Zip     Mfc1     Mfc2     Compar   Ppmz    
 7Zip    0.000000 3.454545 3.038961 4.844156 3.064935 
 Mfc1    3.454545 0.000000 1.844156 5.935065 2.545455 
 Mfc2    3.038961 1.844156 0.000000 5.467533 2.363636 
 Compar  4.844156 5.935065 5.467533 0.000000 5.493506 
 Ppmz    3.064935 2.545455 2.363636 5.493506 0.000000 


new_compatibilityTable_LtoL
          7Zip     Mfc1     Mfc2     Compar   Ppmz    
 7Zip    0.000000 0.215909 0.189935 0.302760 0.191558 
 Mfc1    0.215909 0.000000 0.115260 0.370942 0.159091 
 Mfc2    0.189935 0.115260 0.000000 0.341721 0.147727 
 Compar  0.302760 0.370942 0.341721 0.000000 0.343344 
 Ppmz    0.191558 0.159091 0.147727 0.343344 0.000000 


