compatibilityTable_LtoL
          7Zip     Mfc1     Mfc2     Compar   Ppmz    
 7Zip    0.000000 2.383234 2.167665 3.826347 2.083832 
 Mfc1    2.383234 0.000000 1.101796 4.652695 1.832335 
 Mfc2    2.167665 1.101796 0.000000 4.377245 1.700599 
 Compar  3.826347 4.652695 4.377245 0.000000 4.317365 
 Ppmz    2.083832 1.832335 1.700599 4.317365 0.000000 


new_compatibilityTable_LtoL
          7Zip     Mfc1     Mfc2     Compar   Ppmz    
 7Zip    0.000000 0.148952 0.135479 0.239147 0.130240 
 Mfc1    0.148952 0.000000 0.068862 0.290793 0.114521 
 Mfc2    0.135479 0.068862 0.000000 0.273578 0.106287 
 Compar  0.239147 0.290793 0.273578 0.000000 0.269835 
 Ppmz    0.130240 0.114521 0.106287 0.269835 0.000000 


