compatibilityTable_LtoL
          7Zip     Mfc1     Mfc2     Compar   Ppmz    
 7Zip    0.000000 2.412121 2.193939 3.848485 2.096970 
 Mfc1    2.412121 0.000000 1.115152 4.684848 1.842424 
 Mfc2    2.193939 1.115152 0.000000 4.406061 1.709091 
 Compar  3.848485 4.684848 4.406061 0.000000 4.357576 
 Ppmz    2.096970 1.842424 1.709091 4.357576 0.000000 


new_compatibilityTable_LtoL
          7Zip     Mfc1     Mfc2     Compar   Ppmz    
 7Zip    0.000000 0.150758 0.137121 0.240530 0.131061 
 Mfc1    0.150758 0.000000 0.069697 0.292803 0.115152 
 Mfc2    0.137121 0.069697 0.000000 0.275379 0.106818 
 Compar  0.240530 0.292803 0.275379 0.000000 0.272348 
 Ppmz    0.131061 0.115152 0.106818 0.272348 0.000000 


