compatibilityTable_LtoL
          7Zip     Mfc1     Mfc2     Compar   Ppmz    
 7Zip    0.000000 2.643836 2.424658 3.986301 2.328767 
 Mfc1    2.643836 0.000000 1.232877 4.863014 2.000000 
 Mfc2    2.424658 1.232877 0.000000 4.575343 1.849315 
 Compar  3.986301 4.863014 4.575343 0.000000 4.561644 
 Ppmz    2.328767 2.000000 1.849315 4.561644 0.000000 


new_compatibilityTable_LtoL
          7Zip     Mfc1     Mfc2     Compar   Ppmz    
 7Zip    0.000000 0.165240 0.151541 0.249144 0.145548 
 Mfc1    0.165240 0.000000 0.077055 0.303938 0.125000 
 Mfc2    0.151541 0.077055 0.000000 0.285959 0.115582 
 Compar  0.249144 0.303938 0.285959 0.000000 0.285103 
 Ppmz    0.145548 0.125000 0.115582 0.285103 0.000000 


