compatibilityTable_LtoL
          7Zip     Mfc1     Mfc2     Compar   Ppmz    
 7Zip    0.000000 6.888889 5.777778 8.333333 5.555555 
 Mfc1    6.888889 0.000000 5.333333 8.555555 6.444445 
 Mfc2    5.777778 5.333333 0.000000 8.111111 6.888889 
 Compar  8.333333 8.555555 8.111111 0.000000 8.777778 
 Ppmz    5.555555 6.444445 6.888889 8.777778 0.000000 


new_compatibilityTable_LtoL
          7Zip     Mfc1     Mfc2     Compar   Ppmz    
 7Zip    0.000000 0.430556 0.361111 0.520833 0.347222 
 Mfc1    0.430556 0.000000 0.333333 0.534722 0.402778 
 Mfc2    0.361111 0.333333 0.000000 0.506944 0.430556 
 Compar  0.520833 0.534722 0.506944 0.000000 0.548611 
 Ppmz    0.347222 0.402778 0.430556 0.548611 0.000000 


