compatibilityTable_LtoL
          7Zip     Mfc1     Mfc2     Compar   Ppmz    
 7Zip    0.000000 2.216028 1.916376 3.968641 1.853659 
 Mfc1    2.216028 0.000000 1.003484 4.735192 1.609756 
 Mfc2    1.916376 1.003484 0.000000 4.414634 1.421603 
 Compar  3.968641 4.735192 4.414634 0.000000 4.421603 
 Ppmz    1.853659 1.609756 1.421603 4.421603 0.000000 


new_compatibilityTable_LtoL
          7Zip     Mfc1     Mfc2     Compar   Ppmz    
 7Zip    0.000000 0.138502 0.119774 0.248040 0.115854 
 Mfc1    0.138502 0.000000 0.062718 0.295949 0.100610 
 Mfc2    0.119774 0.062718 0.000000 0.275915 0.088850 
 Compar  0.248040 0.295949 0.275915 0.000000 0.276350 
 Ppmz    0.115854 0.100610 0.088850 0.276350 0.000000 


