compatibilityTable_LtoL
          7Zip     Mfc1     Mfc2     Compar   Ppmz    
 7Zip    0.000000 2.826446 2.611570 4.239669 2.479339 
 Mfc1    2.826446 0.000000 1.404959 5.099174 2.165289 
 Mfc2    2.611570 1.404959 0.000000 4.785124 2.016529 
 Compar  4.239669 5.099174 4.785124 0.000000 4.801653 
 Ppmz    2.479339 2.165289 2.016529 4.801653 0.000000 


new_compatibilityTable_LtoL
          7Zip     Mfc1     Mfc2     Compar   Ppmz    
 7Zip    0.000000 0.176653 0.163223 0.264979 0.154959 
 Mfc1    0.176653 0.000000 0.087810 0.318698 0.135331 
 Mfc2    0.163223 0.087810 0.000000 0.299070 0.126033 
 Compar  0.264979 0.318698 0.299070 0.000000 0.300103 
 Ppmz    0.154959 0.135331 0.126033 0.300103 0.000000 


