compatibilityTable_LtoL
          7Zip     Mfc1     Mfc2     Compar   Ppmz    
 7Zip    0.000000 2.843750 2.625000 4.171875 2.500000 
 Mfc1    2.843750 0.000000 1.359375 5.109375 2.125000 
 Mfc2    2.625000 1.359375 0.000000 4.796875 2.000000 
 Compar  4.171875 5.109375 4.796875 0.000000 4.812500 
 Ppmz    2.500000 2.125000 2.000000 4.812500 0.000000 


new_compatibilityTable_LtoL
          7Zip     Mfc1     Mfc2     Compar   Ppmz    
 7Zip    0.000000 0.177734 0.164062 0.260742 0.156250 
 Mfc1    0.177734 0.000000 0.084961 0.319336 0.132812 
 Mfc2    0.164062 0.084961 0.000000 0.299805 0.125000 
 Compar  0.260742 0.319336 0.299805 0.000000 0.300781 
 Ppmz    0.156250 0.132812 0.125000 0.300781 0.000000 


