compatibilityTable_LtoL
          7Zip     Mfc1     Mfc2     Compar   Ppmz    
 7Zip    0.000000 2.413793 2.108374 3.926108 2.068965 
 Mfc1    2.413793 0.000000 1.133005 4.773399 1.832512 
 Mfc2    2.108374 1.133005 0.000000 4.467980 1.645320 
 Compar  3.926108 4.773399 4.467980 0.000000 4.448276 
 Ppmz    2.068965 1.832512 1.645320 4.448276 0.000000 


new_compatibilityTable_LtoL
          7Zip     Mfc1     Mfc2     Compar   Ppmz    
 7Zip    0.000000 0.150862 0.131773 0.245382 0.129310 
 Mfc1    0.150862 0.000000 0.070813 0.298337 0.114532 
 Mfc2    0.131773 0.070813 0.000000 0.279249 0.102833 
 Compar  0.245382 0.298337 0.279249 0.000000 0.278017 
 Ppmz    0.129310 0.114532 0.102833 0.278017 0.000000 


