compatibilityTable_LtoL
          7Zip     Mfc1     Mfc2     Compar   Ppmz    
 7Zip    0.000000 2.353414 2.072289 3.995984 2.024096 
 Mfc1    2.353414 0.000000 1.060241 4.807229 1.718876 
 Mfc2    2.072289 1.060241 0.000000 4.493976 1.550201 
 Compar  3.995984 4.807229 4.493976 0.000000 4.510040 
 Ppmz    2.024096 1.718876 1.550201 4.510040 0.000000 


new_compatibilityTable_LtoL
          7Zip     Mfc1     Mfc2     Compar   Ppmz    
 7Zip    0.000000 0.147088 0.129518 0.249749 0.126506 
 Mfc1    0.147088 0.000000 0.066265 0.300452 0.107430 
 Mfc2    0.129518 0.066265 0.000000 0.280874 0.096888 
 Compar  0.249749 0.300452 0.280874 0.000000 0.281878 
 Ppmz    0.126506 0.107430 0.096888 0.281878 0.000000 


