compatibilityTable_LtoL
          7Zip     Mfc1     Mfc2     Compar   Ppmz    
 7Zip    0.000000 2.411523 2.123457 4.069959 2.074074 
 Mfc1    2.411523 0.000000 1.086420 4.901235 1.761317 
 Mfc2    2.123457 1.086420 0.000000 4.580247 1.588477 
 Compar  4.069959 4.901235 4.580247 0.000000 4.596708 
 Ppmz    2.074074 1.761317 1.588477 4.596708 0.000000 


new_compatibilityTable_LtoL
          7Zip     Mfc1     Mfc2     Compar   Ppmz    
 7Zip    0.000000 0.150720 0.132716 0.254372 0.129630 
 Mfc1    0.150720 0.000000 0.067901 0.306327 0.110082 
 Mfc2    0.132716 0.067901 0.000000 0.286265 0.099280 
 Compar  0.254372 0.306327 0.286265 0.000000 0.287294 
 Ppmz    0.129630 0.110082 0.099280 0.287294 0.000000 


