compatibilityTable_LtoL
          7Zip     Mfc1     Mfc2     Compar   Ppmz    
 7Zip    0.000000 4.400000 3.950000 5.100000 4.100000 
 Mfc1    4.400000 0.000000 2.150000 6.350000 3.400000 
 Mfc2    3.950000 2.150000 0.000000 5.950000 3.450000 
 Compar  5.100000 6.350000 5.950000 0.000000 6.050000 
 Ppmz    4.100000 3.400000 3.450000 6.050000 0.000000 


new_compatibilityTable_LtoL
          7Zip     Mfc1     Mfc2     Compar   Ppmz    
 7Zip    0.000000 0.275000 0.246875 0.318750 0.256250 
 Mfc1    0.275000 0.000000 0.134375 0.396875 0.212500 
 Mfc2    0.246875 0.134375 0.000000 0.371875 0.215625 
 Compar  0.318750 0.396875 0.371875 0.000000 0.378125 
 Ppmz    0.256250 0.212500 0.215625 0.378125 0.000000 


