compatibilityTable_LtoL
          7Zip     Mfc1     Mfc2     Compar   Ppmz    
 7Zip    0.000000 2.208333 1.909722 3.958333 1.847222 
 Mfc1    2.208333 0.000000 1.000000 4.722222 1.604167 
 Mfc2    1.909722 1.000000 0.000000 4.402778 1.416667 
 Compar  3.958333 4.722222 4.402778 0.000000 4.409722 
 Ppmz    1.847222 1.604167 1.416667 4.409722 0.000000 


new_compatibilityTable_LtoL
          7Zip     Mfc1     Mfc2     Compar   Ppmz    
 7Zip    0.000000 0.138021 0.119358 0.247396 0.115451 
 Mfc1    0.138021 0.000000 0.062500 0.295139 0.100260 
 Mfc2    0.119358 0.062500 0.000000 0.275174 0.088542 
 Compar  0.247396 0.295139 0.275174 0.000000 0.275608 
 Ppmz    0.115451 0.100260 0.088542 0.275608 0.000000 


