compatibilityTable_LtoL
          7Zip     Mfc1     Mfc2     Compar   Ppmz    
 7Zip    0.000000 2.364706 2.152941 3.811765 2.070588 
 Mfc1    2.364706 0.000000 1.082353 4.635294 1.800000 
 Mfc2    2.152941 1.082353 0.000000 4.364706 1.670588 
 Compar  3.811765 4.635294 4.364706 0.000000 4.305882 
 Ppmz    2.070588 1.800000 1.670588 4.305882 0.000000 


new_compatibilityTable_LtoL
          7Zip     Mfc1     Mfc2     Compar   Ppmz    
 7Zip    0.000000 0.147794 0.134559 0.238235 0.129412 
 Mfc1    0.147794 0.000000 0.067647 0.289706 0.112500 
 Mfc2    0.134559 0.067647 0.000000 0.272794 0.104412 
 Compar  0.238235 0.289706 0.272794 0.000000 0.269118 
 Ppmz    0.129412 0.112500 0.104412 0.269118 0.000000 


