compatibilityTable_LtoL
          7Zip     Mfc1     Mfc2     Compar   Ppmz    
 7Zip    0.000000 2.939131 2.713043 4.304348 2.591304 
 Mfc1    2.939131 0.000000 1.478261 5.243478 2.226087 
 Mfc2    2.713043 1.478261 0.000000 4.913043 2.069565 
 Compar  4.304348 5.243478 4.913043 0.000000 4.878261 
 Ppmz    2.591304 2.226087 2.069565 4.878261 0.000000 


new_compatibilityTable_LtoL
          7Zip     Mfc1     Mfc2     Compar   Ppmz    
 7Zip    0.000000 0.183696 0.169565 0.269022 0.161957 
 Mfc1    0.183696 0.000000 0.092391 0.327717 0.139130 
 Mfc2    0.169565 0.092391 0.000000 0.307065 0.129348 
 Compar  0.269022 0.327717 0.307065 0.000000 0.304891 
 Ppmz    0.161957 0.139130 0.129348 0.304891 0.000000 


