compatibilityTable_LtoL
          7Zip     Mfc1     Mfc2     Compar   Ppmz    
 7Zip    0.000000 2.719424 2.489209 4.107913 2.388489 
 Mfc1    2.719424 0.000000 1.294964 5.000000 2.071942 
 Mfc2    2.489209 1.294964 0.000000 4.697842 1.913669 
 Compar  4.107913 5.000000 4.697842 0.000000 4.683453 
 Ppmz    2.388489 2.071942 1.913669 4.683453 0.000000 


new_compatibilityTable_LtoL
          7Zip     Mfc1     Mfc2     Compar   Ppmz    
 7Zip    0.000000 0.169964 0.155576 0.256745 0.149281 
 Mfc1    0.169964 0.000000 0.080935 0.312500 0.129496 
 Mfc2    0.155576 0.080935 0.000000 0.293615 0.119604 
 Compar  0.256745 0.312500 0.293615 0.000000 0.292716 
 Ppmz    0.149281 0.129496 0.119604 0.292716 0.000000 


