compatibilityTable_LtoL
          7Zip     Mfc1     Mfc2     Compar   Ppmz    
 7Zip    0.000000 2.202899 1.927536 3.927536 1.884058 
 Mfc1    2.202899 0.000000 1.007246 4.688406 1.601449 
 Mfc2    1.927536 1.007246 0.000000 4.384058 1.442029 
 Compar  3.927536 4.688406 4.384058 0.000000 4.405797 
 Ppmz    1.884058 1.601449 1.442029 4.405797 0.000000 


new_compatibilityTable_LtoL
          7Zip     Mfc1     Mfc2     Compar   Ppmz    
 7Zip    0.000000 0.137681 0.120471 0.245471 0.117754 
 Mfc1    0.137681 0.000000 0.062953 0.293025 0.100091 
 Mfc2    0.120471 0.062953 0.000000 0.274004 0.090127 
 Compar  0.245471 0.293025 0.274004 0.000000 0.275362 
 Ppmz    0.117754 0.100091 0.090127 0.275362 0.000000 


