compatibilityTable_LtoL
          7Zip     Mfc1     Mfc2     Compar   Ppmz    
 7Zip    0.000000 2.850000 2.633333 4.250000 2.483333 
 Mfc1    2.850000 0.000000 1.416667 5.116667 2.166667 
 Mfc2    2.633333 1.416667 0.000000 4.800000 2.016667 
 Compar  4.250000 5.116667 4.800000 0.000000 4.800000 
 Ppmz    2.483333 2.166667 2.016667 4.800000 0.000000 


new_compatibilityTable_LtoL
          7Zip     Mfc1     Mfc2     Compar   Ppmz    
 7Zip    0.000000 0.178125 0.164583 0.265625 0.155208 
 Mfc1    0.178125 0.000000 0.088542 0.319792 0.135417 
 Mfc2    0.164583 0.088542 0.000000 0.300000 0.126042 
 Compar  0.265625 0.319792 0.300000 0.000000 0.300000 
 Ppmz    0.155208 0.135417 0.126042 0.300000 0.000000 


