compatibilityTable_LtoL
          7Zip     Mfc1     Mfc2     Compar   Ppmz    
 7Zip    0.000000 3.435897 3.025641 4.846154 3.051282 
 Mfc1    3.435897 0.000000 1.820513 5.948718 2.512820 
 Mfc2    3.025641 1.820513 0.000000 5.487179 2.333333 
 Compar  4.846154 5.948718 5.487179 0.000000 5.512821 
 Ppmz    3.051282 2.512820 2.333333 5.512821 0.000000 


new_compatibilityTable_LtoL
          7Zip     Mfc1     Mfc2     Compar   Ppmz    
 7Zip    0.000000 0.214744 0.189103 0.302885 0.190705 
 Mfc1    0.214744 0.000000 0.113782 0.371795 0.157051 
 Mfc2    0.189103 0.113782 0.000000 0.342949 0.145833 
 Compar  0.302885 0.371795 0.342949 0.000000 0.344551 
 Ppmz    0.190705 0.157051 0.145833 0.344551 0.000000 


