compatibilityTable_LtoL
          7Zip     Mfc1     Mfc2     Compar   Ppmz    
 7Zip    0.000000 2.424581 2.201117 3.916201 2.111732 
 Mfc1    2.424581 0.000000 1.061453 4.765363 1.776536 
 Mfc2    2.201117 1.061453 0.000000 4.497207 1.620112 
 Compar  3.916201 4.765363 4.497207 0.000000 4.430168 
 Ppmz    2.111732 1.776536 1.620112 4.430168 0.000000 


new_compatibilityTable_LtoL
          7Zip     Mfc1     Mfc2     Compar   Ppmz    
 7Zip    0.000000 0.151536 0.137570 0.244763 0.131983 
 Mfc1    0.151536 0.000000 0.066341 0.297835 0.111034 
 Mfc2    0.137570 0.066341 0.000000 0.281075 0.101257 
 Compar  0.244763 0.297835 0.281075 0.000000 0.276885 
 Ppmz    0.131983 0.111034 0.101257 0.276885 0.000000 


