compatibilityTable_LtoL
          7Zip     Mfc1     Mfc2     Compar   Ppmz    
 7Zip    0.000000 4.035088 3.684211 4.894737 3.614035 
 Mfc1    4.035088 0.000000 2.175439 6.157895 3.122807 
 Mfc2    3.684211 2.175439 0.000000 5.596491 2.982456 
 Compar  4.894737 6.157895 5.596491 0.000000 5.561403 
 Ppmz    3.614035 3.122807 2.982456 5.561403 0.000000 


new_compatibilityTable_LtoL
          7Zip     Mfc1     Mfc2     Compar   Ppmz    
 7Zip    0.000000 0.252193 0.230263 0.305921 0.225877 
 Mfc1    0.252193 0.000000 0.135965 0.384868 0.195175 
 Mfc2    0.230263 0.135965 0.000000 0.349781 0.186404 
 Compar  0.305921 0.384868 0.349781 0.000000 0.347588 
 Ppmz    0.225877 0.195175 0.186404 0.347588 0.000000 


