compatibilityTable_LtoL
          7Zip     Mfc1     Mfc2     Compar   Ppmz    
 7Zip    0.000000 3.065421 2.803738 4.495327 2.747663 
 Mfc1    3.065421 0.000000 1.570094 5.448598 2.299065 
 Mfc2    2.803738 1.570094 0.000000 5.074766 2.112149 
 Compar  4.495327 5.448598 5.074766 0.000000 5.074766 
 Ppmz    2.747663 2.299065 2.112149 5.074766 0.000000 


new_compatibilityTable_LtoL
          7Zip     Mfc1     Mfc2     Compar   Ppmz    
 7Zip    0.000000 0.191589 0.175234 0.280958 0.171729 
 Mfc1    0.191589 0.000000 0.098131 0.340537 0.143692 
 Mfc2    0.175234 0.098131 0.000000 0.317173 0.132009 
 Compar  0.280958 0.340537 0.317173 0.000000 0.317173 
 Ppmz    0.171729 0.143692 0.132009 0.317173 0.000000 


