compatibilityTable_LtoL
          7Zip     Mfc1     Mfc2     Compar   Ppmz    
 7Zip    0.000000 2.401639 2.114754 4.057377 2.065574 
 Mfc1    2.401639 0.000000 1.081967 4.885246 1.754098 
 Mfc2    2.114754 1.081967 0.000000 4.565574 1.581967 
 Compar  4.057377 4.885246 4.565574 0.000000 4.581967 
 Ppmz    2.065574 1.754098 1.581967 4.581967 0.000000 


new_compatibilityTable_LtoL
          7Zip     Mfc1     Mfc2     Compar   Ppmz    
 7Zip    0.000000 0.150102 0.132172 0.253586 0.129098 
 Mfc1    0.150102 0.000000 0.067623 0.305328 0.109631 
 Mfc2    0.132172 0.067623 0.000000 0.285348 0.098873 
 Compar  0.253586 0.305328 0.285348 0.000000 0.286373 
 Ppmz    0.129098 0.109631 0.098873 0.286373 0.000000 


