compatibilityTable_LtoL
          7Zip     Mfc1     Mfc2     Compar   Ppmz    
 7Zip    0.000000 2.429379 2.203390 3.870056 2.112994 
 Mfc1    2.429379 0.000000 1.073446 4.717514 1.796610 
 Mfc2    2.203390 1.073446 0.000000 4.446328 1.638418 
 Compar  3.870056 4.717514 4.446328 0.000000 4.378531 
 Ppmz    2.112994 1.796610 1.638418 4.378531 0.000000 


new_compatibilityTable_LtoL
          7Zip     Mfc1     Mfc2     Compar   Ppmz    
 7Zip    0.000000 0.151836 0.137712 0.241879 0.132062 
 Mfc1    0.151836 0.000000 0.067090 0.294845 0.112288 
 Mfc2    0.137712 0.067090 0.000000 0.277895 0.102401 
 Compar  0.241879 0.294845 0.277895 0.000000 0.273658 
 Ppmz    0.132062 0.112288 0.102401 0.273658 0.000000 


