compatibilityTable_LtoL
          7Zip     Mfc1     Mfc2     Compar   Ppmz    
 7Zip    0.000000 4.036364 3.636364 4.818182 3.563636 
 Mfc1    4.036364 0.000000 2.181818 6.127273 3.200000 
 Mfc2    3.636364 2.181818 0.000000 5.618182 3.054545 
 Compar  4.818182 6.127273 5.618182 0.000000 5.545455 
 Ppmz    3.563636 3.200000 3.054545 5.545455 0.000000 


new_compatibilityTable_LtoL
          7Zip     Mfc1     Mfc2     Compar   Ppmz    
 7Zip    0.000000 0.252273 0.227273 0.301136 0.222727 
 Mfc1    0.252273 0.000000 0.136364 0.382955 0.200000 
 Mfc2    0.227273 0.136364 0.000000 0.351136 0.190909 
 Compar  0.301136 0.382955 0.351136 0.000000 0.346591 
 Ppmz    0.222727 0.200000 0.190909 0.346591 0.000000 


