compatibilityTable_LtoL
          7Zip     Mfc1     Mfc2     Compar   Ppmz    
 7Zip    0.000000 2.982143 2.732143 4.392857 2.625000 
 Mfc1    2.982143 0.000000 1.500000 5.321429 2.250000 
 Mfc2    2.732143 1.500000 0.000000 4.964286 2.071429 
 Compar  4.392857 5.321429 4.964286 0.000000 4.946429 
 Ppmz    2.625000 2.250000 2.071429 4.946429 0.000000 


new_compatibilityTable_LtoL
          7Zip     Mfc1     Mfc2     Compar   Ppmz    
 7Zip    0.000000 0.186384 0.170759 0.274554 0.164062 
 Mfc1    0.186384 0.000000 0.093750 0.332589 0.140625 
 Mfc2    0.170759 0.093750 0.000000 0.310268 0.129464 
 Compar  0.274554 0.332589 0.310268 0.000000 0.309152 
 Ppmz    0.164062 0.140625 0.129464 0.309152 0.000000 


