compatibilityTable_LtoL
          7Zip     Mfc1     Mfc2     Compar   Ppmz    
 7Zip    0.000000 2.427185 2.126214 3.951456 2.087379 
 Mfc1    2.427185 0.000000 1.126214 4.805825 1.834951 
 Mfc2    2.126214 1.126214 0.000000 4.504854 1.640777 
 Compar  3.951456 4.805825 4.504854 0.000000 4.485437 
 Ppmz    2.087379 1.834951 1.640777 4.485437 0.000000 


new_compatibilityTable_LtoL
          7Zip     Mfc1     Mfc2     Compar   Ppmz    
 7Zip    0.000000 0.151699 0.132888 0.246966 0.130461 
 Mfc1    0.151699 0.000000 0.070388 0.300364 0.114684 
 Mfc2    0.132888 0.070388 0.000000 0.281553 0.102549 
 Compar  0.246966 0.300364 0.281553 0.000000 0.280340 
 Ppmz    0.130461 0.114684 0.102549 0.280340 0.000000 


