compatibilityTable_LtoL
          7Zip     Mfc1     Mfc2     Compar   Ppmz    
 7Zip    0.000000 2.380435 2.152174 3.934783 2.065217 
 Mfc1    2.380435 0.000000 1.043478 4.760870 1.739130 
 Mfc2    2.152174 1.043478 0.000000 4.510870 1.576087 
 Compar  3.934783 4.760870 4.510870 0.000000 4.445652 
 Ppmz    2.065217 1.739130 1.576087 4.445652 0.000000 


new_compatibilityTable_LtoL
          7Zip     Mfc1     Mfc2     Compar   Ppmz    
 7Zip    0.000000 0.148777 0.134511 0.245924 0.129076 
 Mfc1    0.148777 0.000000 0.065217 0.297554 0.108696 
 Mfc2    0.134511 0.065217 0.000000 0.281929 0.098505 
 Compar  0.245924 0.297554 0.281929 0.000000 0.277853 
 Ppmz    0.129076 0.108696 0.098505 0.277853 0.000000 


