compatibilityTable_LtoL
          7Zip     Mfc1     Mfc2     Compar   Ppmz    
 7Zip    0.000000 2.881356 2.661017 4.271186 2.525424 
 Mfc1    2.881356 0.000000 1.440678 5.169491 2.186441 
 Mfc2    2.661017 1.440678 0.000000 4.847457 2.033898 
 Compar  4.271186 5.169491 4.847457 0.000000 4.830509 
 Ppmz    2.525424 2.186441 2.033898 4.830509 0.000000 


new_compatibilityTable_LtoL
          7Zip     Mfc1     Mfc2     Compar   Ppmz    
 7Zip    0.000000 0.180085 0.166314 0.266949 0.157839 
 Mfc1    0.180085 0.000000 0.090042 0.323093 0.136653 
 Mfc2    0.166314 0.090042 0.000000 0.302966 0.127119 
 Compar  0.266949 0.323093 0.302966 0.000000 0.301907 
 Ppmz    0.157839 0.136653 0.127119 0.301907 0.000000 


