compatibilityTable_LtoL
          7Zip     Mfc1     Mfc2     Compar   Ppmz    
 7Zip    0.000000 3.520000 3.120000 4.786667 3.120000 
 Mfc1    3.520000 0.000000 1.866667 5.933333 2.613333 
 Mfc2    3.120000 1.866667 0.000000 5.426667 2.400000 
 Compar  4.786667 5.933333 5.426667 0.000000 5.480000 
 Ppmz    3.120000 2.613333 2.400000 5.480000 0.000000 


new_compatibilityTable_LtoL
          7Zip     Mfc1     Mfc2     Compar   Ppmz    
 7Zip    0.000000 0.220000 0.195000 0.299167 0.195000 
 Mfc1    0.220000 0.000000 0.116667 0.370833 0.163333 
 Mfc2    0.195000 0.116667 0.000000 0.339167 0.150000 
 Compar  0.299167 0.370833 0.339167 0.000000 0.342500 
 Ppmz    0.195000 0.163333 0.150000 0.342500 0.000000 


