compatibilityTable_LtoL
          7Zip     Mfc1     Mfc2     Compar   Ppmz    
 7Zip    0.000000 2.545455 2.324675 3.857143 2.207792 
 Mfc1    2.545455 0.000000 1.181818 4.727273 1.935065 
 Mfc2    2.324675 1.181818 0.000000 4.441558 1.779221 
 Compar  3.857143 4.727273 4.441558 0.000000 4.402597 
 Ppmz    2.207792 1.935065 1.779221 4.402597 0.000000 


new_compatibilityTable_LtoL
          7Zip     Mfc1     Mfc2     Compar   Ppmz    
 7Zip    0.000000 0.159091 0.145292 0.241071 0.137987 
 Mfc1    0.159091 0.000000 0.073864 0.295455 0.120942 
 Mfc2    0.145292 0.073864 0.000000 0.277597 0.111201 
 Compar  0.241071 0.295455 0.277597 0.000000 0.275162 
 Ppmz    0.137987 0.120942 0.111201 0.275162 0.000000 


