compatibilityTable_LtoL
          7Zip     Mfc1     Mfc2     Compar   Ppmz    
 7Zip    0.000000 2.424779 2.106195 3.964602 2.097345 
 Mfc1    2.424779 0.000000 1.141593 4.805310 1.823009 
 Mfc2    2.106195 1.141593 0.000000 4.460177 1.610619 
 Compar  3.964602 4.805310 4.460177 0.000000 4.469027 
 Ppmz    2.097345 1.823009 1.610619 4.469027 0.000000 


new_compatibilityTable_LtoL
          7Zip     Mfc1     Mfc2     Compar   Ppmz    
 7Zip    0.000000 0.151549 0.131637 0.247788 0.131084 
 Mfc1    0.151549 0.000000 0.071350 0.300332 0.113938 
 Mfc2    0.131637 0.071350 0.000000 0.278761 0.100664 
 Compar  0.247788 0.300332 0.278761 0.000000 0.279314 
 Ppmz    0.131084 0.113938 0.100664 0.279314 0.000000 


