compatibilityTable_LtoL
          7Zip     Mfc1     Mfc2     Compar   Ppmz    
 7Zip    0.000000 3.358025 2.938272 4.753087 2.962963 
 Mfc1    3.358025 0.000000 1.802469 5.839506 2.469136 
 Mfc2    2.938272 1.802469 0.000000 5.345679 2.246914 
 Compar  4.753087 5.839506 5.345679 0.000000 5.370370 
 Ppmz    2.962963 2.469136 2.246914 5.370370 0.000000 


new_compatibilityTable_LtoL
          7Zip     Mfc1     Mfc2     Compar   Ppmz    
 7Zip    0.000000 0.209877 0.183642 0.297068 0.185185 
 Mfc1    0.209877 0.000000 0.112654 0.364969 0.154321 
 Mfc2    0.183642 0.112654 0.000000 0.334105 0.140432 
 Compar  0.297068 0.364969 0.334105 0.000000 0.335648 
 Ppmz    0.185185 0.154321 0.140432 0.335648 0.000000 


