compatibilityTable_LtoL
          7Zip     Mfc1     Mfc2     Compar   Ppmz    
 7Zip    0.000000 2.496815 2.280255 3.828026 2.165605 
 Mfc1    2.496815 0.000000 1.159236 4.681529 1.898089 
 Mfc2    2.280255 1.159236 0.000000 4.401274 1.745223 
 Compar  3.828026 4.681529 4.401274 0.000000 4.363057 
 Ppmz    2.165605 1.898089 1.745223 4.363057 0.000000 


new_compatibilityTable_LtoL
          7Zip     Mfc1     Mfc2     Compar   Ppmz    
 7Zip    0.000000 0.156051 0.142516 0.239252 0.135350 
 Mfc1    0.156051 0.000000 0.072452 0.292596 0.118631 
 Mfc2    0.142516 0.072452 0.000000 0.275080 0.109076 
 Compar  0.239252 0.292596 0.275080 0.000000 0.272691 
 Ppmz    0.135350 0.118631 0.109076 0.272691 0.000000 


