compatibilityTable_LtoL
          7Zip     Mfc1     Mfc2     Compar   Ppmz    
 7Zip    0.000000 2.990991 2.738739 4.423423 2.648649 
 Mfc1    2.990991 0.000000 1.513514 5.342342 2.252252 
 Mfc2    2.738739 1.513514 0.000000 4.981982 2.072072 
 Compar  4.423423 5.342342 4.981982 0.000000 4.981982 
 Ppmz    2.648649 2.252252 2.072072 4.981982 0.000000 


new_compatibilityTable_LtoL
          7Zip     Mfc1     Mfc2     Compar   Ppmz    
 7Zip    0.000000 0.186937 0.171171 0.276464 0.165541 
 Mfc1    0.186937 0.000000 0.094595 0.333896 0.140766 
 Mfc2    0.171171 0.094595 0.000000 0.311374 0.129505 
 Compar  0.276464 0.333896 0.311374 0.000000 0.311374 
 Ppmz    0.165541 0.140766 0.129505 0.311374 0.000000 


