compatibilityTable_LtoL
          7Zip     Mfc1     Mfc2     Compar   Ppmz    
 7Zip    0.000000 2.405063 2.109705 4.088608 2.067511 
 Mfc1    2.405063 0.000000 1.113924 4.924051 1.780591 
 Mfc2    2.109705 1.113924 0.000000 4.594937 1.603376 
 Compar  4.088608 4.924051 4.594937 0.000000 4.620253 
 Ppmz    2.067511 1.780591 1.603376 4.620253 0.000000 


new_compatibilityTable_LtoL
          7Zip     Mfc1     Mfc2     Compar   Ppmz    
 7Zip    0.000000 0.150316 0.131857 0.255538 0.129219 
 Mfc1    0.150316 0.000000 0.069620 0.307753 0.111287 
 Mfc2    0.131857 0.069620 0.000000 0.287184 0.100211 
 Compar  0.255538 0.307753 0.287184 0.000000 0.288766 
 Ppmz    0.129219 0.111287 0.100211 0.288766 0.000000 


