compatibilityTable_LtoL
          7Zip     Mfc1     Mfc2     Compar   Ppmz    
 7Zip    0.000000 2.836066 2.622951 4.229508 2.491803 
 Mfc1    2.836066 0.000000 1.393443 5.098361 2.147541 
 Mfc2    2.622951 1.393443 0.000000 4.786885 2.000000 
 Compar  4.229508 5.098361 4.786885 0.000000 4.803279 
 Ppmz    2.491803 2.147541 2.000000 4.803279 0.000000 


new_compatibilityTable_LtoL
          7Zip     Mfc1     Mfc2     Compar   Ppmz    
 7Zip    0.000000 0.177254 0.163934 0.264344 0.155738 
 Mfc1    0.177254 0.000000 0.087090 0.318648 0.134221 
 Mfc2    0.163934 0.087090 0.000000 0.299180 0.125000 
 Compar  0.264344 0.318648 0.299180 0.000000 0.300205 
 Ppmz    0.155738 0.134221 0.125000 0.300205 0.000000 


