compatibilityTable_LtoL
          7Zip     Mfc1     Mfc2     Compar   Ppmz    
 7Zip    0.000000 5.411765 4.470588 6.411765 4.705883 
 Mfc1    5.411765 0.000000 4.000000 6.882353 5.529412 
 Mfc2    4.470588 4.000000 0.000000 6.294117 5.529412 
 Compar  6.411765 6.882353 6.294117 0.000000 6.529412 
 Ppmz    4.705883 5.529412 5.529412 6.529412 0.000000 


new_compatibilityTable_LtoL
          7Zip     Mfc1     Mfc2     Compar   Ppmz    
 7Zip    0.000000 0.338235 0.279412 0.400735 0.294118 
 Mfc1    0.338235 0.000000 0.250000 0.430147 0.345588 
 Mfc2    0.279412 0.250000 0.000000 0.393382 0.345588 
 Compar  0.400735 0.430147 0.393382 0.000000 0.408088 
 Ppmz    0.294118 0.345588 0.345588 0.408088 0.000000 


