compatibilityTable_LtoL
          7Zip     Mfc1     Mfc2     Compar   Ppmz    
 7Zip    0.000000 4.111111 3.592592 4.851852 3.629630 
 Mfc1    4.111111 0.000000 2.111111 6.185185 3.259259 
 Mfc2    3.592592 2.111111 0.000000 5.592593 3.000000 
 Compar  4.851852 6.185185 5.592593 0.000000 5.592593 
 Ppmz    3.629630 3.259259 3.000000 5.592593 0.000000 


new_compatibilityTable_LtoL
          7Zip     Mfc1     Mfc2     Compar   Ppmz    
 7Zip    0.000000 0.256944 0.224537 0.303241 0.226852 
 Mfc1    0.256944 0.000000 0.131944 0.386574 0.203704 
 Mfc2    0.224537 0.131944 0.000000 0.349537 0.187500 
 Compar  0.303241 0.386574 0.349537 0.000000 0.349537 
 Ppmz    0.226852 0.203704 0.187500 0.349537 0.000000 


