compatibilityTable_LtoL
          7Zip     Mfc1     Mfc2     Compar   Ppmz    
 7Zip    0.000000 2.160000 1.873333 3.973333 1.793333 
 Mfc1    2.160000 0.000000 0.980000 4.726666 1.560000 
 Mfc2    1.873333 0.980000 0.000000 4.413333 1.380000 
 Compar  3.973333 4.726666 4.413333 0.000000 4.413333 
 Ppmz    1.793333 1.560000 1.380000 4.413333 0.000000 


new_compatibilityTable_LtoL
          7Zip     Mfc1     Mfc2     Compar   Ppmz    
 7Zip    0.000000 0.135000 0.117083 0.248333 0.112083 
 Mfc1    0.135000 0.000000 0.061250 0.295417 0.097500 
 Mfc2    0.117083 0.061250 0.000000 0.275833 0.086250 
 Compar  0.248333 0.295417 0.275833 0.000000 0.275833 
 Ppmz    0.112083 0.097500 0.086250 0.275833 0.000000 


