compatibilityTable_LtoL
          7Zip     Mfc1     Mfc2     Compar   Ppmz    
 7Zip    0.000000 5.000000 4.200000 5.700000 4.100000 
 Mfc1    5.000000 0.000000 3.500000 6.400000 5.100000 
 Mfc2    4.200000 3.500000 0.000000 5.800000 5.000000 
 Compar  5.700000 6.400000 5.800000 0.000000 5.700000 
 Ppmz    4.100000 5.100000 5.000000 5.700000 0.000000 


new_compatibilityTable_LtoL
          7Zip     Mfc1     Mfc2     Compar   Ppmz    
 7Zip    0.000000 0.312500 0.262500 0.356250 0.256250 
 Mfc1    0.312500 0.000000 0.218750 0.400000 0.318750 
 Mfc2    0.262500 0.218750 0.000000 0.362500 0.312500 
 Compar  0.356250 0.400000 0.362500 0.000000 0.356250 
 Ppmz    0.256250 0.318750 0.312500 0.356250 0.000000 


