compatibilityTable_LtoL
          7Zip     Mfc1     Mfc2     Compar   Ppmz    
 7Zip    0.000000 2.355030 2.142012 3.816568 2.059172 
 Mfc1    2.355030 0.000000 1.088757 4.633136 1.810651 
 Mfc2    2.142012 1.088757 0.000000 4.360947 1.680473 
 Compar  3.816568 4.633136 4.360947 0.000000 4.301775 
 Ppmz    2.059172 1.810651 1.680473 4.301775 0.000000 


new_compatibilityTable_LtoL
          7Zip     Mfc1     Mfc2     Compar   Ppmz    
 7Zip    0.000000 0.147189 0.133876 0.238536 0.128698 
 Mfc1    0.147189 0.000000 0.068047 0.289571 0.113166 
 Mfc2    0.133876 0.068047 0.000000 0.272559 0.105030 
 Compar  0.238536 0.289571 0.272559 0.000000 0.268861 
 Ppmz    0.128698 0.113166 0.105030 0.268861 0.000000 


