compatibilityTable_LtoL
          7Zip     Mfc1     Mfc2     Compar   Ppmz    
 7Zip    0.000000 2.200692 1.903114 3.968858 1.840830 
 Mfc1    2.200692 0.000000 0.996540 4.730104 1.598616 
 Mfc2    1.903114 0.996540 0.000000 4.411765 1.411765 
 Compar  3.968858 4.730104 4.411765 0.000000 4.418685 
 Ppmz    1.840830 1.598616 1.411765 4.418685 0.000000 


new_compatibilityTable_LtoL
          7Zip     Mfc1     Mfc2     Compar   Ppmz    
 7Zip    0.000000 0.137543 0.118945 0.248054 0.115052 
 Mfc1    0.137543 0.000000 0.062284 0.295631 0.099913 
 Mfc2    0.118945 0.062284 0.000000 0.275735 0.088235 
 Compar  0.248054 0.295631 0.275735 0.000000 0.276168 
 Ppmz    0.115052 0.099913 0.088235 0.276168 0.000000 


