compatibilityTable_LtoL
          7Zip     Mfc1     Mfc2     Compar   Ppmz    
 7Zip    0.000000 3.134615 2.865385 4.461538 2.807692 
 Mfc1    3.134615 0.000000 1.615385 5.461538 2.365385 
 Mfc2    2.865385 1.615385 0.000000 5.076923 2.173077 
 Compar  4.461538 5.461538 5.076923 0.000000 5.076923 
 Ppmz    2.807692 2.365385 2.173077 5.076923 0.000000 


new_compatibilityTable_LtoL
          7Zip     Mfc1     Mfc2     Compar   Ppmz    
 7Zip    0.000000 0.195913 0.179087 0.278846 0.175481 
 Mfc1    0.195913 0.000000 0.100962 0.341346 0.147837 
 Mfc2    0.179087 0.100962 0.000000 0.317308 0.135817 
 Compar  0.278846 0.341346 0.317308 0.000000 0.317308 
 Ppmz    0.175481 0.147837 0.135817 0.317308 0.000000 


