compatibilityTable_LtoL
          7Zip     Mfc1     Mfc2     Compar   Ppmz    
 7Zip    0.000000 2.739130 2.507246 4.115942 2.405797 
 Mfc1    2.739130 0.000000 1.304348 5.014493 2.086957 
 Mfc2    2.507246 1.304348 0.000000 4.710145 1.927536 
 Compar  4.115942 5.014493 4.710145 0.000000 4.695652 
 Ppmz    2.405797 2.086957 1.927536 4.695652 0.000000 


new_compatibilityTable_LtoL
          7Zip     Mfc1     Mfc2     Compar   Ppmz    
 7Zip    0.000000 0.171196 0.156703 0.257246 0.150362 
 Mfc1    0.171196 0.000000 0.081522 0.313406 0.130435 
 Mfc2    0.156703 0.081522 0.000000 0.294384 0.120471 
 Compar  0.257246 0.313406 0.294384 0.000000 0.293478 
 Ppmz    0.150362 0.130435 0.120471 0.293478 0.000000 


