compatibilityTable_LtoL
          7Zip     Mfc1     Mfc2     Compar   Ppmz    
 7Zip    0.000000 2.257576 1.984848 4.045455 1.931818 
 Mfc1    2.257576 0.000000 1.022727 4.810606 1.636364 
 Mfc2    1.984848 1.022727 0.000000 4.522727 1.484848 
 Compar  4.045455 4.810606 4.522727 0.000000 4.537879 
 Ppmz    1.931818 1.636364 1.484848 4.537879 0.000000 


new_compatibilityTable_LtoL
          7Zip     Mfc1     Mfc2     Compar   Ppmz    
 7Zip    0.000000 0.141098 0.124053 0.252841 0.120739 
 Mfc1    0.141098 0.000000 0.063920 0.300663 0.102273 
 Mfc2    0.124053 0.063920 0.000000 0.282670 0.092803 
 Compar  0.252841 0.300663 0.282670 0.000000 0.283617 
 Ppmz    0.120739 0.102273 0.092803 0.283617 0.000000 


