compatibilityTable_LtoL
          7Zip     Mfc1     Mfc2     Compar   Ppmz    
 7Zip    0.000000 2.192440 1.903780 3.982818 1.835052 
 Mfc1    2.192440 0.000000 0.996564 4.745705 1.587629 
 Mfc2    1.903780 0.996564 0.000000 4.436426 1.408935 
 Compar  3.982818 4.745705 4.436426 0.000000 4.436426 
 Ppmz    1.835052 1.587629 1.408935 4.436426 0.000000 


new_compatibilityTable_LtoL
          7Zip     Mfc1     Mfc2     Compar   Ppmz    
 7Zip    0.000000 0.137027 0.118986 0.248926 0.114691 
 Mfc1    0.137027 0.000000 0.062285 0.296607 0.099227 
 Mfc2    0.118986 0.062285 0.000000 0.277277 0.088058 
 Compar  0.248926 0.296607 0.277277 0.000000 0.277277 
 Ppmz    0.114691 0.099227 0.088058 0.277277 0.000000 


