compatibilityTable_LtoL
          7Zip     Mfc1     Mfc2     Compar   Ppmz    
 7Zip    0.000000 2.207143 1.914286 3.978571 1.864286 
 Mfc1    2.207143 0.000000 1.014286 4.742857 1.621429 
 Mfc2    1.914286 1.014286 0.000000 4.428571 1.442857 
 Compar  3.978571 4.742857 4.428571 0.000000 4.450000 
 Ppmz    1.864286 1.621429 1.442857 4.450000 0.000000 


new_compatibilityTable_LtoL
          7Zip     Mfc1     Mfc2     Compar   Ppmz    
 7Zip    0.000000 0.137946 0.119643 0.248661 0.116518 
 Mfc1    0.137946 0.000000 0.063393 0.296429 0.101339 
 Mfc2    0.119643 0.063393 0.000000 0.276786 0.090179 
 Compar  0.248661 0.296429 0.276786 0.000000 0.278125 
 Ppmz    0.116518 0.101339 0.090179 0.278125 0.000000 


