compatibilityTable_LtoL
          7Zip     Mfc1     Mfc2     Compar   Ppmz    
 7Zip    0.000000 2.434783 2.135266 3.946860 2.096618 
 Mfc1    2.434783 0.000000 1.120773 4.816425 1.826087 
 Mfc2    2.135266 1.120773 0.000000 4.516908 1.632850 
 Compar  3.946860 4.816425 4.516908 0.000000 4.497584 
 Ppmz    2.096618 1.826087 1.632850 4.497584 0.000000 


new_compatibilityTable_LtoL
          7Zip     Mfc1     Mfc2     Compar   Ppmz    
 7Zip    0.000000 0.152174 0.133454 0.246679 0.131039 
 Mfc1    0.152174 0.000000 0.070048 0.301027 0.114130 
 Mfc2    0.133454 0.070048 0.000000 0.282307 0.102053 
 Compar  0.246679 0.301027 0.282307 0.000000 0.281099 
 Ppmz    0.131039 0.114130 0.102053 0.281099 0.000000 


