11
1 0.000000 0.456233 0.403183 0.403183 0.411141 0.397878 0.427056 0.408488 0.432361 0.406332 0.354497
2 0.456233 0.000000 0.416446 0.448276 0.310345 0.395225 0.400531 0.424403 0.413793 0.411610 0.391534
3 0.403183 0.416446 0.000000 0.395225 0.405836 0.352785 0.421751 0.379310 0.416446 0.422164 0.333333
4 0.403183 0.448276 0.395225 0.000000 0.437666 0.381963 0.432361 0.275862 0.400531 0.432718 0.343915
5 0.411141 0.310345 0.405836 0.435013 0.000000 0.387268 0.326260 0.427056 0.429708 0.321900 0.394180
6 0.397878 0.395225 0.352785 0.381963 0.387268 0.000000 0.429708 0.336870 0.371353 0.411610 0.349206
7 0.424403 0.397878 0.419098 0.429708 0.326260 0.429708 0.000000 0.413793 0.429708 0.261214 0.362434
8 0.408488 0.424403 0.379310 0.275862 0.429708 0.339523 0.413793 0.000000 0.376658 0.393140 0.325397
9 0.432361 0.413793 0.416446 0.400531 0.432361 0.374005 0.432361 0.376658 0.000000 0.424802 0.362434
10 0.406332 0.411610 0.422164 0.430079 0.321900 0.411610 0.261214 0.393140 0.424802 0.000000 0.377309
11 0.357143 0.394180 0.335979 0.343915 0.396825 0.351852 0.365079 0.325397 0.362434 0.379947 0.000000
