11
1 0.000000 0.472149 0.457672 0.464191 0.462963 0.525199 0.501326 0.461538 0.493369 0.498681 0.500000
2 0.472149 0.000000 0.367725 0.320955 0.291005 0.435013 0.347480 0.299735 0.389920 0.366755 0.388889
3 0.457672 0.370370 0.000000 0.386243 0.338624 0.465608 0.391534 0.349206 0.396825 0.422164 0.396825
4 0.464191 0.320955 0.386243 0.000000 0.325397 0.474801 0.339523 0.289125 0.374005 0.372032 0.410053
5 0.462963 0.291005 0.338624 0.325397 0.000000 0.420635 0.325397 0.317460 0.383598 0.358839 0.343915
6 0.527851 0.435013 0.465608 0.474801 0.420635 0.000000 0.450928 0.466844 0.482759 0.485488 0.473545
7 0.501326 0.350133 0.388889 0.339523 0.325397 0.450928 0.000000 0.328912 0.275862 0.245383 0.391534
8 0.461538 0.299735 0.346561 0.286472 0.314815 0.466844 0.328912 0.000000 0.363395 0.332454 0.383598
9 0.493369 0.392573 0.396825 0.374005 0.380952 0.482759 0.275862 0.363395 0.000000 0.327177 0.433862
10 0.498681 0.366755 0.419525 0.372032 0.358839 0.485488 0.245383 0.332454 0.327177 0.000000 0.403694
11 0.502645 0.391534 0.399471 0.412698 0.343915 0.476190 0.391534 0.386243 0.433862 0.406332 0.000000
