11
1 0.000000 0.233422 0.228117 0.212202 0.222812 0.259947 0.195767 0.236074 0.204244 0.218997 0.211640
2 0.233422 0.000000 0.148541 0.143236 0.151194 0.161804 0.137566 0.175066 0.193634 0.134565 0.116402
3 0.228117 0.148541 0.000000 0.068966 0.111406 0.124668 0.126984 0.100796 0.161804 0.092348 0.103175
4 0.212202 0.143236 0.068966 0.000000 0.079576 0.111406 0.105820 0.090186 0.151194 0.084433 0.068783
5 0.222812 0.151194 0.114058 0.079576 0.000000 0.156499 0.126984 0.135279 0.169761 0.105541 0.092593
6 0.257294 0.161804 0.124668 0.111406 0.156499 0.000000 0.174603 0.116711 0.206897 0.116095 0.124339
7 0.195767 0.137566 0.126984 0.105820 0.126984 0.174603 0.000000 0.140212 0.140212 0.118734 0.100529
8 0.236074 0.175066 0.100796 0.090186 0.135279 0.116711 0.140212 0.000000 0.177719 0.108179 0.103175
9 0.204244 0.193634 0.161804 0.151194 0.172414 0.206897 0.142857 0.180371 0.000000 0.160950 0.150794
10 0.218997 0.134565 0.092348 0.084433 0.105541 0.116095 0.118734 0.108179 0.158311 0.000000 0.058047
11 0.211640 0.116402 0.103175 0.071429 0.092593 0.124339 0.100529 0.103175 0.150794 0.060686 0.000000
