11
1 0.000000 0.185676 0.206897 0.169761 0.190981 0.209549 0.183024 0.220159 0.156499 0.182540 0.171958
2 0.185676 0.000000 0.172414 0.159151 0.172414 0.172414 0.183024 0.193634 0.135279 0.161376 0.129630
3 0.206897 0.175066 0.000000 0.164456 0.167109 0.159151 0.190981 0.233422 0.143236 0.206349 0.156085
4 0.169761 0.159151 0.164456 0.000000 0.156499 0.172414 0.100796 0.177719 0.122016 0.140212 0.116402
5 0.190981 0.175066 0.167109 0.156499 0.000000 0.175066 0.169761 0.214854 0.127321 0.190476 0.158730
6 0.209549 0.172414 0.159151 0.172414 0.175066 0.000000 0.188329 0.241379 0.127321 0.201058 0.158730
7 0.183024 0.183024 0.190981 0.100796 0.169761 0.188329 0.000000 0.190981 0.137931 0.174603 0.158730
8 0.220159 0.193634 0.233422 0.177719 0.214854 0.244032 0.190981 0.000000 0.193634 0.105820 0.198413
9 0.156499 0.135279 0.143236 0.122016 0.127321 0.127321 0.137931 0.193634 0.000000 0.153439 0.113757
10 0.182540 0.161376 0.206349 0.140212 0.190476 0.203704 0.171958 0.105820 0.153439 0.000000 0.153439
11 0.174603 0.132275 0.156085 0.116402 0.161376 0.161376 0.161376 0.198413 0.113757 0.156085 0.000000
