11
1 0.000000 0.151194 0.090186 0.164456 0.127321 0.177249 0.100796 0.119363 0.135279 0.129288 0.108466
2 0.151194 0.000000 0.103448 0.140584 0.106101 0.153439 0.114058 0.100796 0.095491 0.113456 0.103175
3 0.090186 0.103448 0.000000 0.122016 0.079576 0.140212 0.047745 0.076923 0.095491 0.089710 0.058201
4 0.164456 0.140584 0.122016 0.000000 0.143236 0.187831 0.132626 0.082228 0.153846 0.102902 0.121693
5 0.127321 0.106101 0.079576 0.143236 0.000000 0.148148 0.090186 0.100796 0.106101 0.102902 0.082011
6 0.177249 0.153439 0.142857 0.187831 0.148148 0.000000 0.148148 0.153439 0.164021 0.147757 0.134921
7 0.100796 0.114058 0.047745 0.132626 0.090186 0.148148 0.000000 0.087533 0.106101 0.100264 0.047619
8 0.119363 0.100796 0.076923 0.082228 0.098143 0.153439 0.087533 0.000000 0.111406 0.060686 0.079365
9 0.135279 0.095491 0.095491 0.153846 0.106101 0.164021 0.106101 0.111406 0.000000 0.124011 0.095238
10 0.129288 0.113456 0.089710 0.102902 0.102902 0.147757 0.100264 0.060686 0.124011 0.000000 0.084433
11 0.111111 0.105820 0.060847 0.124339 0.082011 0.137566 0.050265 0.079365 0.095238 0.087071 0.000000
