11
1 0.000000 0.174603 0.179894 0.222222 0.187831 0.179894 0.206349 0.201058 0.243386 0.226913 0.185185
2 0.174603 0.000000 0.177249 0.177249 0.150794 0.193122 0.161376 0.174603 0.208995 0.197889 0.164021
3 0.179894 0.177249 0.000000 0.177249 0.142857 0.113757 0.145503 0.132275 0.195767 0.182058 0.140212
4 0.222222 0.177249 0.177249 0.000000 0.105820 0.177249 0.174603 0.201058 0.238095 0.218997 0.193122
5 0.187831 0.150794 0.142857 0.105820 0.000000 0.150794 0.137566 0.164021 0.203704 0.179420 0.153439
6 0.179894 0.193122 0.113757 0.177249 0.150794 0.000000 0.161376 0.156085 0.201058 0.197889 0.164021
7 0.206349 0.161376 0.145503 0.174603 0.137566 0.161376 0.000000 0.169312 0.182540 0.179420 0.148148
8 0.198413 0.174603 0.132275 0.198413 0.164021 0.156085 0.169312 0.000000 0.187831 0.189974 0.105820
9 0.243386 0.208995 0.195767 0.238095 0.203704 0.201058 0.179894 0.187831 0.000000 0.182058 0.190476
10 0.226913 0.197889 0.182058 0.218997 0.179420 0.197889 0.179420 0.192612 0.182058 0.000000 0.187335
11 0.187831 0.166667 0.140212 0.193122 0.156085 0.164021 0.150794 0.108466 0.190476 0.189974 0.000000
