11
1 0.000000 0.143236 0.095238 0.116402 0.164021 0.084656 0.095491 0.108466 0.140212 0.113456 0.126984
2 0.143236 0.000000 0.129630 0.142857 0.142857 0.119048 0.143236 0.071429 0.169312 0.147757 0.113757
3 0.095238 0.132275 0.000000 0.103175 0.150794 0.047619 0.105820 0.095238 0.103175 0.105541 0.119048
4 0.116402 0.145503 0.103175 0.000000 0.171958 0.092593 0.103175 0.108466 0.116402 0.097625 0.132275
5 0.164021 0.145503 0.150794 0.171958 0.000000 0.140212 0.174603 0.111111 0.190476 0.174142 0.105820
6 0.084656 0.119048 0.047619 0.092593 0.140212 0.000000 0.095238 0.084656 0.092593 0.094987 0.108466
7 0.095491 0.145889 0.105820 0.103175 0.174603 0.095238 0.000000 0.111111 0.140212 0.121372 0.134921
8 0.108466 0.071429 0.095238 0.108466 0.111111 0.084656 0.111111 0.000000 0.134921 0.113456 0.079365
9 0.140212 0.169312 0.103175 0.116402 0.190476 0.092593 0.140212 0.134921 0.000000 0.131926 0.156085
10 0.113456 0.147757 0.105541 0.094987 0.174142 0.094987 0.118734 0.110818 0.129288 0.000000 0.131926
11 0.129630 0.116402 0.119048 0.132275 0.108466 0.108466 0.134921 0.082011 0.158730 0.134565 0.000000
