11
1 0.000000 0.336870 0.275132 0.286472 0.296296 0.280423 0.318302 0.230159 0.318302 0.353562 0.269841
2 0.336870 0.000000 0.293651 0.342175 0.288360 0.335979 0.286472 0.288360 0.339523 0.353562 0.243386
3 0.275132 0.293651 0.000000 0.285714 0.206349 0.275132 0.243386 0.201058 0.275132 0.319261 0.211640
4 0.286472 0.342175 0.285714 0.000000 0.264550 0.082011 0.283820 0.264550 0.286472 0.329815 0.230159
5 0.296296 0.291005 0.206349 0.264550 0.000000 0.256614 0.277778 0.214286 0.238095 0.316623 0.238095
6 0.280423 0.335979 0.275132 0.082011 0.256614 0.000000 0.280423 0.253968 0.291005 0.324538 0.214286
7 0.318302 0.286472 0.243386 0.281167 0.277778 0.280423 0.000000 0.277778 0.310345 0.287599 0.182540
8 0.230159 0.288360 0.198413 0.264550 0.214286 0.253968 0.277778 0.000000 0.283069 0.311346 0.208995
9 0.318302 0.339523 0.275132 0.286472 0.238095 0.291005 0.310345 0.283069 0.000000 0.343008 0.275132
10 0.353562 0.353562 0.319261 0.329815 0.316623 0.324538 0.287599 0.311346 0.343008 0.000000 0.240106
11 0.272487 0.243386 0.214286 0.232804 0.238095 0.214286 0.182540 0.211640 0.277778 0.242744 0.000000
