11
1 0.000000 0.161804 0.161804 0.167109 0.172414 0.196286 0.167109 0.161804 0.172414 0.182058 0.169312
2 0.161804 0.000000 0.037135 0.058355 0.047745 0.090186 0.045093 0.037135 0.047745 0.063325 0.058201
3 0.161804 0.037135 0.000000 0.058355 0.047745 0.090186 0.045093 0.037135 0.047745 0.063325 0.058201
4 0.167109 0.058355 0.058355 0.000000 0.068966 0.108753 0.066313 0.058355 0.068966 0.084433 0.079365
5 0.172414 0.047745 0.047745 0.068966 0.000000 0.100796 0.055703 0.047745 0.055703 0.073879 0.068783
6 0.196286 0.090186 0.090186 0.108753 0.100796 0.000000 0.098143 0.090186 0.100796 0.108179 0.111111
7 0.167109 0.045093 0.045093 0.066313 0.055703 0.098143 0.000000 0.045093 0.055703 0.071240 0.066138
8 0.161804 0.037135 0.037135 0.058355 0.047745 0.090186 0.045093 0.000000 0.047745 0.063325 0.058201
9 0.172414 0.047745 0.047745 0.068966 0.055703 0.100796 0.055703 0.047745 0.000000 0.073879 0.068783
10 0.182058 0.063325 0.063325 0.084433 0.073879 0.108179 0.071240 0.063325 0.073879 0.000000 0.079156
11 0.171958 0.060847 0.060847 0.082011 0.071429 0.111111 0.068783 0.060847 0.071429 0.079156 0.000000
