11
1 0.000000 0.374005 0.411141 0.466844 0.432361 0.464191 0.395225 0.371353 0.360743 0.377309 0.439153
2 0.374005 0.000000 0.381963 0.389920 0.281167 0.429708 0.217507 0.305040 0.100796 0.205805 0.410053
3 0.411141 0.381963 0.000000 0.297082 0.395225 0.424403 0.384615 0.421751 0.387268 0.390501 0.235450
4 0.469496 0.389920 0.297082 0.000000 0.416446 0.493369 0.395225 0.461538 0.408488 0.372032 0.349206
5 0.432361 0.281167 0.395225 0.416446 0.000000 0.496021 0.355438 0.352785 0.291777 0.311346 0.425926
6 0.464191 0.429708 0.424403 0.493369 0.496021 0.000000 0.453581 0.496021 0.450928 0.480211 0.465608
7 0.395225 0.214854 0.384615 0.395225 0.355438 0.453581 0.000000 0.360743 0.228117 0.208443 0.420635
8 0.371353 0.305040 0.421751 0.461538 0.352785 0.496021 0.360743 0.000000 0.318302 0.340369 0.431217
9 0.360743 0.100796 0.387268 0.408488 0.291777 0.450928 0.225464 0.318302 0.000000 0.205805 0.420635
10 0.377309 0.205805 0.390501 0.372032 0.311346 0.480211 0.208443 0.340369 0.208443 0.000000 0.403694
11 0.441799 0.410053 0.238095 0.349206 0.428571 0.465608 0.420635 0.433862 0.423280 0.403694 0.000000
