11
1 0.000000 0.186364 0.209091 0.202273 0.213636 0.202273 0.202273 0.168182 0.215909 0.174603 0.186364
2 0.186364 0.000000 0.152273 0.150000 0.152273 0.143182 0.131818 0.102273 0.136364 0.140590 0.115909
3 0.204545 0.147727 0.000000 0.163636 0.125000 0.138636 0.154545 0.125000 0.136364 0.097506 0.145455
4 0.200000 0.147727 0.163636 0.000000 0.138636 0.147727 0.150000 0.075000 0.129545 0.142857 0.156818
5 0.211364 0.152273 0.125000 0.138636 0.000000 0.115909 0.113636 0.104545 0.134091 0.108844 0.179545
6 0.202273 0.143182 0.138636 0.147727 0.115909 0.000000 0.140909 0.102273 0.147727 0.126984 0.179545
7 0.202273 0.129545 0.154545 0.150000 0.113636 0.140909 0.000000 0.115909 0.140909 0.131519 0.175000
8 0.168182 0.100000 0.125000 0.075000 0.104545 0.102273 0.115909 0.000000 0.106818 0.104308 0.131818
9 0.215909 0.136364 0.136364 0.129545 0.134091 0.147727 0.140909 0.106818 0.000000 0.136054 0.150000
10 0.174603 0.140590 0.097506 0.142857 0.108844 0.126984 0.131519 0.104308 0.136054 0.000000 0.151927
11 0.184091 0.115909 0.145455 0.156818 0.181818 0.179545 0.175000 0.131818 0.150000 0.154195 0.000000
