11
1 0.000000 0.318907 0.325000 0.312073 0.296128 0.316629 0.300683 0.325740 0.363636 0.279545 0.293182
2 0.318907 0.000000 0.175000 0.220957 0.189066 0.214123 0.195900 0.189066 0.306818 0.213636 0.190909
3 0.325000 0.175000 0.000000 0.222727 0.213636 0.209091 0.222727 0.195455 0.293182 0.213636 0.220455
4 0.309795 0.220957 0.220455 0.000000 0.202733 0.230068 0.186788 0.193622 0.281818 0.152273 0.177273
5 0.296128 0.189066 0.211364 0.202733 0.000000 0.230068 0.186788 0.239180 0.300000 0.197727 0.175000
6 0.318907 0.214123 0.206818 0.230068 0.230068 0.000000 0.173121 0.138952 0.306818 0.211364 0.181818
7 0.298405 0.195900 0.220455 0.186788 0.186788 0.173121 0.000000 0.152620 0.279545 0.152273 0.145455
8 0.325740 0.189066 0.195455 0.193622 0.239180 0.138952 0.152620 0.000000 0.281818 0.197727 0.175000
9 0.361364 0.309091 0.295455 0.281818 0.297727 0.309091 0.279545 0.284091 0.000000 0.284091 0.300000
10 0.279545 0.213636 0.213636 0.152273 0.195455 0.211364 0.150000 0.197727 0.281818 0.000000 0.152273
11 0.300000 0.190909 0.222727 0.181818 0.175000 0.184091 0.147727 0.177273 0.302273 0.154545 0.000000
