11
1 0.000000 0.448276 0.445623 0.435013 0.400531 0.416446 0.427056 0.453581 0.411141 0.424802 0.449735
2 0.448276 0.000000 0.299735 0.318302 0.405836 0.400531 0.326260 0.278515 0.352785 0.321900 0.362434
3 0.445623 0.299735 0.000000 0.376658 0.405836 0.363395 0.355438 0.360743 0.315650 0.303430 0.373016
4 0.435013 0.318302 0.376658 0.000000 0.392573 0.360743 0.350133 0.320955 0.366048 0.369393 0.407407
5 0.400531 0.405836 0.408488 0.392573 0.000000 0.397878 0.392573 0.405836 0.389920 0.395778 0.362434
6 0.416446 0.400531 0.363395 0.360743 0.397878 0.000000 0.355438 0.371353 0.334218 0.366755 0.410053
7 0.427056 0.326260 0.355438 0.350133 0.392573 0.355438 0.000000 0.342175 0.360743 0.337731 0.404762
8 0.453581 0.278515 0.360743 0.320955 0.405836 0.371353 0.342175 0.000000 0.312997 0.364116 0.367725
9 0.411141 0.352785 0.318302 0.366048 0.389920 0.334218 0.360743 0.312997 0.000000 0.274406 0.373016
10 0.424802 0.321900 0.303430 0.369393 0.395778 0.366755 0.337731 0.364116 0.274406 0.000000 0.364116
11 0.452381 0.365079 0.375661 0.410053 0.362434 0.410053 0.404762 0.367725 0.373016 0.364116 0.000000
