11
1 0.000000 0.433862 0.407407 0.380952 0.444444 0.378307 0.457672 0.388889 0.410053 0.374670 0.386243
2 0.433862 0.000000 0.380952 0.298942 0.410053 0.320106 0.391534 0.365079 0.317460 0.343008 0.333333
3 0.410053 0.383598 0.000000 0.288360 0.396825 0.346561 0.404762 0.301587 0.320106 0.358839 0.328042
4 0.380952 0.298942 0.288360 0.000000 0.380952 0.264550 0.312169 0.298942 0.259259 0.306069 0.291005
5 0.444444 0.412698 0.396825 0.383598 0.000000 0.325397 0.425926 0.415344 0.415344 0.398417 0.383598
6 0.380952 0.322751 0.346561 0.267196 0.325397 0.000000 0.351852 0.320106 0.288360 0.300792 0.291005
7 0.460317 0.394180 0.404762 0.314815 0.425926 0.351852 0.000000 0.407407 0.402116 0.361478 0.351852
8 0.391534 0.367725 0.301587 0.301587 0.415344 0.320106 0.407407 0.000000 0.283069 0.335092 0.304233
9 0.412698 0.320106 0.320106 0.259259 0.415344 0.288360 0.402116 0.283069 0.000000 0.298153 0.328042
10 0.377309 0.345646 0.358839 0.308707 0.398417 0.300792 0.361478 0.335092 0.298153 0.000000 0.292876
11 0.391534 0.338624 0.330688 0.293651 0.383598 0.291005 0.354497 0.304233 0.330688 0.295515 0.000000
