11
1 0.000000 0.035701 0.039014 0.042326 0.039014 0.042342 0.040486 0.039014 0.047093 0.037514 0.041590
2 0.036069 0.000000 0.010305 0.013250 0.010305 0.013618 0.015090 0.010305 0.018028 0.009195 0.013250
3 0.039014 0.009937 0.000000 0.013250 0.009937 0.013618 0.014722 0.013250 0.018028 0.012137 0.013250
4 0.042326 0.013250 0.013250 0.000000 0.013250 0.013618 0.018035 0.013250 0.020971 0.015079 0.016562
5 0.039382 0.009937 0.009937 0.013250 0.000000 0.013618 0.014722 0.013250 0.018028 0.012137 0.013250
6 0.042342 0.013618 0.013618 0.013618 0.013618 0.000000 0.015090 0.013618 0.021339 0.015447 0.013618
7 0.040854 0.014722 0.014722 0.018035 0.014722 0.015090 0.000000 0.018035 0.022811 0.013608 0.014722
8 0.039382 0.009937 0.013250 0.013250 0.013250 0.013618 0.018035 0.000000 0.018028 0.012137 0.016562
9 0.047461 0.018396 0.018396 0.021339 0.018396 0.021707 0.023179 0.018396 0.000000 0.019860 0.021707
10 0.037882 0.009195 0.012137 0.015447 0.012137 0.015815 0.013976 0.012137 0.019860 0.000000 0.015079
11 0.041958 0.013250 0.013250 0.016562 0.013250 0.013618 0.015090 0.016562 0.021339 0.015079 0.000000
