11
1 0.000000 0.228117 0.212202 0.204244 0.251989 0.212202 0.230159 0.177719 0.172414 0.184697 0.232804
2 0.228117 0.000000 0.190981 0.156499 0.233422 0.169761 0.216931 0.148541 0.148541 0.147757 0.216931
3 0.212202 0.190981 0.000000 0.167109 0.225464 0.177719 0.222222 0.135279 0.124668 0.139842 0.195767
4 0.204244 0.156499 0.167109 0.000000 0.190981 0.140584 0.174603 0.103448 0.124668 0.116095 0.190476
5 0.251989 0.233422 0.225464 0.190981 0.000000 0.225464 0.216931 0.180371 0.201592 0.192612 0.267196
6 0.212202 0.169761 0.177719 0.140584 0.225464 0.000000 0.208995 0.135279 0.114058 0.147757 0.185185
7 0.230159 0.216931 0.222222 0.174603 0.216931 0.208995 0.000000 0.156085 0.182540 0.176781 0.238095
8 0.177719 0.148541 0.135279 0.103448 0.180371 0.135279 0.156085 0.000000 0.103448 0.116095 0.174603
9 0.172414 0.148541 0.124668 0.124668 0.198939 0.114058 0.182540 0.103448 0.000000 0.108179 0.137566
10 0.184697 0.150396 0.142480 0.116095 0.192612 0.150396 0.176781 0.116095 0.110818 0.000000 0.147757
11 0.235450 0.216931 0.195767 0.190476 0.269841 0.187831 0.238095 0.174603 0.137566 0.147757 0.000000
