11
1 0.000000 0.172727 0.072727 0.102273 0.111364 0.102273 0.156818 0.204545 0.161364 0.120181 0.131818
2 0.172727 0.000000 0.136674 0.148064 0.159453 0.161731 0.202733 0.222727 0.181818 0.156463 0.175000
3 0.072727 0.136674 0.000000 0.045558 0.075171 0.054670 0.102506 0.181818 0.106818 0.088435 0.081818
4 0.102273 0.148064 0.045558 0.000000 0.075171 0.061503 0.093394 0.188636 0.090909 0.097506 0.070455
5 0.111364 0.159453 0.075171 0.075171 0.000000 0.104784 0.127563 0.209091 0.113636 0.136054 0.111364
6 0.102273 0.161731 0.054670 0.063781 0.104784 0.000000 0.118451 0.202273 0.127273 0.108844 0.100000
7 0.154545 0.200456 0.100228 0.091116 0.127563 0.118451 0.000000 0.215909 0.138636 0.147392 0.106818
8 0.204545 0.225000 0.181818 0.188636 0.209091 0.197727 0.215909 0.000000 0.197727 0.140590 0.186364
9 0.161364 0.181818 0.109091 0.090909 0.115909 0.127273 0.140909 0.197727 0.000000 0.147392 0.118182
10 0.120181 0.158730 0.088435 0.097506 0.136054 0.106576 0.147392 0.140590 0.147392 0.000000 0.099773
11 0.134091 0.177273 0.081818 0.072727 0.113636 0.102273 0.111364 0.188636 0.118182 0.102041 0.000000
