11
1 0.000000 0.057887 0.060825 0.057929 0.063722 0.060825 0.055033 0.060825 0.057929 0.057845 0.057164
2 0.058611 0.000000 0.060781 0.064399 0.064399 0.055716 0.055716 0.067294 0.070188 0.065076 0.064399
3 0.060825 0.060058 0.000000 0.060825 0.066618 0.063722 0.052136 0.062998 0.066618 0.070860 0.060781
4 0.057929 0.063676 0.060825 0.000000 0.052136 0.060825 0.049240 0.055033 0.052136 0.059291 0.052098
5 0.063722 0.063676 0.066618 0.052136 0.000000 0.060825 0.055033 0.066618 0.063722 0.065076 0.063676
6 0.060825 0.054993 0.063722 0.060825 0.060825 0.000000 0.052136 0.063722 0.066618 0.067968 0.054993
7 0.055033 0.054993 0.052136 0.049240 0.055033 0.052136 0.000000 0.052136 0.055033 0.062184 0.049204
8 0.060825 0.066570 0.062998 0.055033 0.066618 0.063722 0.052136 0.000000 0.060825 0.067968 0.049204
9 0.057929 0.070188 0.067343 0.052136 0.064446 0.067343 0.055033 0.061550 0.000000 0.059291 0.058611
10 0.058568 0.065076 0.072307 0.060014 0.065799 0.068691 0.062907 0.068691 0.060014 0.000000 0.064353
11 0.057164 0.063676 0.061505 0.052822 0.064399 0.055716 0.049928 0.049928 0.058611 0.063630 0.000000
