11
1 0.000000 0.122016 0.106101 0.119363 0.084881 0.095491 0.116711 0.106101 0.127321 0.105820 0.100529
2 0.119363 0.000000 0.095491 0.066313 0.074271 0.084881 0.068966 0.074271 0.095491 0.076720 0.074074
3 0.103448 0.095491 0.000000 0.092838 0.058355 0.068966 0.079576 0.079576 0.098143 0.082011 0.068783
4 0.119363 0.066313 0.092838 0.000000 0.071618 0.082228 0.082228 0.071618 0.079576 0.076720 0.071429
5 0.082228 0.074271 0.058355 0.071618 0.000000 0.047745 0.068966 0.058355 0.079576 0.060847 0.058201
6 0.092838 0.084881 0.068966 0.082228 0.047745 0.000000 0.079576 0.068966 0.090186 0.071429 0.068783
7 0.114058 0.068966 0.079576 0.082228 0.068966 0.079576 0.000000 0.068966 0.090186 0.071429 0.047619
8 0.106101 0.074271 0.079576 0.074271 0.058355 0.068966 0.068966 0.000000 0.071618 0.063492 0.060847
9 0.127321 0.095491 0.100796 0.079576 0.079576 0.090186 0.090186 0.071618 0.000000 0.084656 0.082011
10 0.105820 0.076720 0.082011 0.076720 0.060847 0.071429 0.071429 0.060847 0.082011 0.000000 0.055556
11 0.103175 0.074074 0.071429 0.074074 0.058201 0.071429 0.047619 0.058201 0.082011 0.058201 0.000000
