11
1 0.000000 0.058778 0.057999 0.057221 0.059556 0.060529 0.061113 0.064422 0.058194 0.063047 0.062464
2 0.058778 0.000000 0.050019 0.047684 0.050019 0.051576 0.054885 0.054885 0.050798 0.052345 0.054874
3 0.057999 0.050019 0.000000 0.051576 0.049241 0.049241 0.049241 0.052550 0.051576 0.053512 0.054096
4 0.057221 0.047684 0.051576 0.000000 0.050019 0.050019 0.051576 0.056442 0.046127 0.055847 0.048453
5 0.059362 0.050019 0.049046 0.050019 0.000000 0.053912 0.050798 0.054107 0.051576 0.053318 0.055458
6 0.060529 0.051576 0.049241 0.050019 0.054107 0.000000 0.055664 0.055664 0.051576 0.058183 0.054096
7 0.061113 0.054691 0.049241 0.051576 0.050798 0.055469 0.000000 0.057221 0.051576 0.058183 0.053902
8 0.064422 0.054885 0.052550 0.056442 0.054107 0.055664 0.057221 0.000000 0.056442 0.058377 0.060518
9 0.058194 0.050798 0.051576 0.045932 0.051576 0.051576 0.051576 0.056442 0.000000 0.055847 0.051566
10 0.063047 0.052539 0.053512 0.055847 0.053512 0.058183 0.058183 0.058377 0.055847 0.000000 0.061101
11 0.062658 0.054874 0.054096 0.048648 0.055653 0.054096 0.054096 0.060712 0.051761 0.061101 0.000000
