11
1 0.000000 0.177273 0.163636 0.150000 0.152273 0.154545 0.206818 0.172727 0.165909 0.144796 0.154195
2 0.177273 0.000000 0.188636 0.163636 0.120455 0.170455 0.195455 0.115909 0.150000 0.138009 0.147392
3 0.163636 0.188636 0.000000 0.156818 0.165909 0.175000 0.093182 0.197727 0.170455 0.160633 0.170068
4 0.150000 0.163636 0.156818 0.000000 0.131818 0.168182 0.138636 0.200000 0.111364 0.133484 0.140590
5 0.152273 0.120455 0.165909 0.131818 0.000000 0.115909 0.172727 0.125000 0.127273 0.144796 0.113379
6 0.154545 0.170455 0.177273 0.168182 0.115909 0.000000 0.218182 0.131818 0.161364 0.165158 0.147392
7 0.206818 0.195455 0.095455 0.138636 0.172727 0.215909 0.000000 0.220455 0.175000 0.178733 0.160998
8 0.175000 0.115909 0.200000 0.200000 0.125000 0.131818 0.222727 0.000000 0.186364 0.174208 0.124717
9 0.165909 0.150000 0.170455 0.109091 0.127273 0.161364 0.175000 0.186364 0.000000 0.117647 0.151927
10 0.144796 0.140271 0.160633 0.133484 0.144796 0.165158 0.178733 0.174208 0.117647 0.000000 0.138009
11 0.154195 0.149660 0.172336 0.140590 0.113379 0.147392 0.160998 0.124717 0.154195 0.140271 0.000000
