11
1 0.000000 0.107062 0.077449 0.068337 0.047836 0.068337 0.123007 0.102506 0.059226 0.099773 0.045455
2 0.104784 0.000000 0.109339 0.116173 0.095672 0.116173 0.161731 0.118451 0.104784 0.147392 0.095455
3 0.077449 0.109339 0.000000 0.086560 0.068337 0.086560 0.079727 0.113895 0.077449 0.129252 0.068182
4 0.068337 0.116173 0.086560 0.000000 0.056948 0.077449 0.138952 0.091116 0.056948 0.115646 0.059091
5 0.047836 0.095672 0.068337 0.056948 0.000000 0.056948 0.118451 0.093394 0.047836 0.081633 0.031818
6 0.066059 0.116173 0.086560 0.077449 0.056948 0.000000 0.136674 0.111617 0.063781 0.113379 0.056818
7 0.123007 0.161731 0.079727 0.138952 0.118451 0.136674 0.000000 0.157175 0.127563 0.174603 0.118182
8 0.102506 0.120729 0.113895 0.093394 0.093394 0.113895 0.159453 0.000000 0.102506 0.145125 0.093182
9 0.056948 0.107062 0.077449 0.056948 0.047836 0.063781 0.127563 0.102506 0.000000 0.111111 0.047727
10 0.099773 0.149660 0.129252 0.115646 0.081633 0.113379 0.174603 0.145125 0.111111 0.000000 0.088435
11 0.045455 0.097727 0.068182 0.059091 0.031818 0.059091 0.118182 0.093182 0.050000 0.090703 0.000000
