11
1 0.000000 0.154545 0.122727 0.134091 0.122727 0.134091 0.122727 0.134091 0.152273 0.124717 0.120181
2 0.154545 0.000000 0.054545 0.045455 0.054545 0.063636 0.054545 0.063636 0.063636 0.056689 0.054422
3 0.122727 0.054545 0.000000 0.025000 0.015909 0.025000 0.015909 0.025000 0.045455 0.018141 0.015873
4 0.134091 0.045455 0.025000 0.000000 0.025000 0.034091 0.025000 0.034091 0.034091 0.027211 0.024943
5 0.122727 0.054545 0.015909 0.025000 0.000000 0.025000 0.015909 0.025000 0.045455 0.018141 0.015873
6 0.134091 0.063636 0.025000 0.034091 0.025000 0.000000 0.025000 0.034091 0.054545 0.027211 0.024943
7 0.122727 0.054545 0.015909 0.025000 0.015909 0.025000 0.000000 0.025000 0.045455 0.018141 0.015873
8 0.134091 0.063636 0.025000 0.034091 0.025000 0.034091 0.025000 0.000000 0.054545 0.027211 0.024943
9 0.154545 0.065909 0.045455 0.034091 0.045455 0.054545 0.045455 0.054545 0.000000 0.047619 0.045351
10 0.124717 0.056689 0.018141 0.027211 0.018141 0.027211 0.018141 0.027211 0.047619 0.000000 0.013605
11 0.122449 0.056689 0.015873 0.027211 0.015873 0.027211 0.015873 0.027211 0.045351 0.013605 0.000000
