11
1 0.000000 0.615385 0.612732 0.591512 0.605820 0.605820 0.607427 0.605820 0.605820 0.620053 0.592593
2 0.607427 0.000000 0.318302 0.331565 0.399471 0.333333 0.278515 0.304233 0.354497 0.237467 0.333333
3 0.610080 0.318302 0.000000 0.336870 0.415344 0.301587 0.275862 0.309524 0.370370 0.232190 0.338624
4 0.594164 0.331565 0.336870 0.000000 0.219577 0.309524 0.350133 0.370370 0.158730 0.284960 0.047619
5 0.608466 0.399471 0.415344 0.222222 0.000000 0.383598 0.399471 0.410053 0.140212 0.343008 0.208995
6 0.605820 0.333333 0.301587 0.312169 0.383598 0.000000 0.293651 0.346561 0.335979 0.274406 0.309524
7 0.607427 0.278515 0.275862 0.352785 0.399471 0.293651 0.000000 0.256614 0.365079 0.224274 0.354497
8 0.605820 0.304233 0.309524 0.373016 0.410053 0.346561 0.256614 0.000000 0.391534 0.277045 0.365079
9 0.605820 0.354497 0.370370 0.161376 0.142857 0.335979 0.365079 0.391534 0.000000 0.300792 0.148148
10 0.620053 0.237467 0.232190 0.284960 0.343008 0.274406 0.224274 0.277045 0.300792 0.000000 0.282322
11 0.597884 0.333333 0.338624 0.050265 0.208995 0.309524 0.354497 0.365079 0.148148 0.282322 0.000000
