compatibilityTable_LtoL
          7Zip     Mfc1     Mfc2     Compar   Ppmz    
 7Zip    0.000000 4.095652 4.017391 7.034782 4.008696 
 Mfc1    4.095652 0.000000 0.991304 6.782609 2.226087 
 Mfc2    4.017391 0.991304 0.000000 6.669565 2.252174 
 Compar  7.034782 6.782609 6.669565 0.000000 6.939130 
 Ppmz    4.008696 2.226087 2.252174 6.939130 0.000000 


new_compatibilityTable_LtoL
          7Zip     Mfc1     Mfc2     Compar   Ppmz    
 7Zip    0.000000 0.255978 0.251087 0.439674 0.250543 
 Mfc1    0.255978 0.000000 0.061957 0.423913 0.139130 
 Mfc2    0.251087 0.061957 0.000000 0.416848 0.140761 
 Compar  0.439674 0.423913 0.416848 0.000000 0.433696 
 Ppmz    0.250543 0.139130 0.140761 0.433696 0.000000 


