compatibilityTable_LtoL
          7Zip     Mfc1     Mfc2     Compar   Ppmz    
 7Zip    0.000000 3.444444 2.888889 6.000000 2.555556 
 Mfc1    3.444444 0.000000 0.666667 4.777778 2.000000 
 Mfc2    2.888889 0.666667 0.000000 5.111111 1.444444 
 Compar  6.000000 4.777778 5.111111 0.000000 5.777778 
 Ppmz    2.555556 2.000000 1.444444 5.777778 0.000000 


new_compatibilityTable_LtoL
          7Zip     Mfc1     Mfc2     Compar   Ppmz    
 7Zip    0.000000 0.215278 0.180556 0.375000 0.159722 
 Mfc1    0.215278 0.000000 0.041667 0.298611 0.125000 
 Mfc2    0.180556 0.041667 0.000000 0.319444 0.090278 
 Compar  0.375000 0.298611 0.319444 0.000000 0.361111 
 Ppmz    0.159722 0.125000 0.090278 0.361111 0.000000 


