compatibilityTable_LtoL
          7Zip     Mfc1     Mfc2     Compar   Ppmz    
 7Zip    0.000000 4.095238 4.047619 6.965986 3.938776 
 Mfc1    4.095238 0.000000 0.904762 6.741497 2.170068 
 Mfc2    4.047619 0.904762 0.000000 6.646258 2.210884 
 Compar  6.965986 6.741497 6.646258 0.000000 6.863945 
 Ppmz    3.938776 2.170068 2.210884 6.863945 0.000000 


new_compatibilityTable_LtoL
          7Zip     Mfc1     Mfc2     Compar   Ppmz    
 7Zip    0.000000 0.255952 0.252976 0.435374 0.246173 
 Mfc1    0.255952 0.000000 0.056548 0.421344 0.135629 
 Mfc2    0.252976 0.056548 0.000000 0.415391 0.138180 
 Compar  0.435374 0.421344 0.415391 0.000000 0.428997 
 Ppmz    0.246173 0.135629 0.138180 0.428997 0.000000 


