compatibilityTable_LtoL
          7Zip     Mfc1     Mfc2     Compar   Ppmz    
 7Zip    0.000000 3.744681 3.595745 6.531915 3.617021 
 Mfc1    3.744681 0.000000 0.765957 6.212766 2.148936 
 Mfc2    3.595745 0.765957 0.000000 6.212766 2.085106 
 Compar  6.531915 6.212766 6.212766 0.000000 6.446808 
 Ppmz    3.617021 2.148936 2.085106 6.446808 0.000000 


new_compatibilityTable_LtoL
          7Zip     Mfc1     Mfc2     Compar   Ppmz    
 7Zip    0.000000 0.234043 0.224734 0.408245 0.226064 
 Mfc1    0.234043 0.000000 0.047872 0.388298 0.134309 
 Mfc2    0.224734 0.047872 0.000000 0.388298 0.130319 
 Compar  0.408245 0.388298 0.388298 0.000000 0.402926 
 Ppmz    0.226064 0.134309 0.130319 0.402926 0.000000 


