compatibilityTable_LtoL
          7Zip     Mfc1     Mfc2     Compar   Ppmz    
 7Zip    0.000000 4.106280 4.000000 7.009662 3.980676 
 Mfc1    4.106280 0.000000 0.869565 6.806763 2.222222 
 Mfc2    4.000000 0.869565 0.000000 6.671498 2.193237 
 Compar  7.009662 6.806763 6.671498 0.000000 6.990338 
 Ppmz    3.980676 2.222222 2.193237 6.990338 0.000000 


new_compatibilityTable_LtoL
          7Zip     Mfc1     Mfc2     Compar   Ppmz    
 7Zip    0.000000 0.256643 0.250000 0.438104 0.248792 
 Mfc1    0.256643 0.000000 0.054348 0.425423 0.138889 
 Mfc2    0.250000 0.054348 0.000000 0.416969 0.137077 
 Compar  0.438104 0.425423 0.416969 0.000000 0.436896 
 Ppmz    0.248792 0.138889 0.137077 0.436896 0.000000 


