compatibilityTable_LtoL
          7Zip     Mfc1     Mfc2     Compar   Ppmz    
 7Zip    0.000000 3.472222 3.333333 5.694445 3.055556 
 Mfc1    3.472222 0.000000 0.666667 5.222222 1.916667 
 Mfc2    3.333333 0.666667 0.000000 5.250000 1.666667 
 Compar  5.694445 5.222222 5.250000 0.000000 5.472222 
 Ppmz    3.055556 1.916667 1.666667 5.472222 0.000000 


new_compatibilityTable_LtoL
          7Zip     Mfc1     Mfc2     Compar   Ppmz    
 7Zip    0.000000 0.217014 0.208333 0.355903 0.190972 
 Mfc1    0.217014 0.000000 0.041667 0.326389 0.119792 
 Mfc2    0.208333 0.041667 0.000000 0.328125 0.104167 
 Compar  0.355903 0.326389 0.328125 0.000000 0.342014 
 Ppmz    0.190972 0.119792 0.104167 0.342014 0.000000 


