compatibilityTable_LtoL
          7Zip     Mfc1     Mfc2     Compar   Ppmz    
 7Zip    0.000000 3.540540 3.405406 5.783784 3.270270 
 Mfc1    3.540540 0.000000 0.648649 5.432433 2.135135 
 Mfc2    3.405406 0.648649 0.000000 5.459459 1.891892 
 Compar  5.783784 5.432433 5.459459 0.000000 5.675676 
 Ppmz    3.270270 2.135135 1.891892 5.675676 0.000000 


new_compatibilityTable_LtoL
          7Zip     Mfc1     Mfc2     Compar   Ppmz    
 7Zip    0.000000 0.221284 0.212838 0.361486 0.204392 
 Mfc1    0.221284 0.000000 0.040541 0.339527 0.133446 
 Mfc2    0.212838 0.040541 0.000000 0.341216 0.118243 
 Compar  0.361486 0.339527 0.341216 0.000000 0.354730 
 Ppmz    0.204392 0.133446 0.118243 0.354730 0.000000 


