compatibilityTable_LtoL
          7Zip     Mfc1     Mfc2     Compar   Ppmz    
 7Zip    0.000000 3.690909 3.600000 6.636364 3.545455 
 Mfc1    3.690909 0.000000 0.745455 6.400000 2.163636 
 Mfc2    3.600000 0.745455 0.000000 6.345455 2.163636 
 Compar  6.636364 6.400000 6.345455 0.000000 6.636364 
 Ppmz    3.545455 2.163636 2.163636 6.636364 0.000000 


new_compatibilityTable_LtoL
          7Zip     Mfc1     Mfc2     Compar   Ppmz    
 7Zip    0.000000 0.230682 0.225000 0.414773 0.221591 
 Mfc1    0.230682 0.000000 0.046591 0.400000 0.135227 
 Mfc2    0.225000 0.046591 0.000000 0.396591 0.135227 
 Compar  0.414773 0.400000 0.396591 0.000000 0.414773 
 Ppmz    0.221591 0.135227 0.135227 0.414773 0.000000 


