compatibilityTable_LtoL
          7Zip     Mfc1     Mfc2     Compar   Ppmz    
 7Zip    0.000000 4.112281 4.056140 7.091228 3.985965 
 Mfc1    4.112281 0.000000 0.926316 6.789474 2.196491 
 Mfc2    4.056140 0.926316 0.000000 6.691228 2.231579 
 Compar  7.091228 6.789474 6.691228 0.000000 6.936842 
 Ppmz    3.985965 2.196491 2.231579 6.936842 0.000000 


new_compatibilityTable_LtoL
          7Zip     Mfc1     Mfc2     Compar   Ppmz    
 7Zip    0.000000 0.257018 0.253509 0.443202 0.249123 
 Mfc1    0.257018 0.000000 0.057895 0.424342 0.137281 
 Mfc2    0.253509 0.057895 0.000000 0.418202 0.139474 
 Compar  0.443202 0.424342 0.418202 0.000000 0.433553 
 Ppmz    0.249123 0.137281 0.139474 0.433553 0.000000 


