compatibilityTable_LtoL
          7Zip     Mfc1     Mfc2     Compar   Ppmz    
 7Zip    0.000000 3.707865 3.528090 6.325843 3.573034 
 Mfc1    3.707865 0.000000 0.786517 6.078652 2.089888 
 Mfc2    3.528090 0.786517 0.000000 6.078652 2.000000 
 Compar  6.325843 6.078652 6.078652 0.000000 6.280899 
 Ppmz    3.573034 2.089888 2.000000 6.280899 0.000000 


new_compatibilityTable_LtoL
          7Zip     Mfc1     Mfc2     Compar   Ppmz    
 7Zip    0.000000 0.231742 0.220506 0.395365 0.223315 
 Mfc1    0.231742 0.000000 0.049157 0.379916 0.130618 
 Mfc2    0.220506 0.049157 0.000000 0.379916 0.125000 
 Compar  0.395365 0.379916 0.379916 0.000000 0.392556 
 Ppmz    0.223315 0.130618 0.125000 0.392556 0.000000 


