compatibilityTable_LtoL
          7Zip     Mfc1     Mfc2     Compar   Ppmz    
 7Zip    0.000000 4.081356 4.040678 6.966102 3.938983 
 Mfc1    4.081356 0.000000 0.908475 6.742373 2.176271 
 Mfc2    4.040678 0.908475 0.000000 6.640678 2.210170 
 Compar  6.966102 6.742373 6.640678 0.000000 6.864407 
 Ppmz    3.938983 2.176271 2.210170 6.864407 0.000000 


new_compatibilityTable_LtoL
          7Zip     Mfc1     Mfc2     Compar   Ppmz    
 7Zip    0.000000 0.255085 0.252542 0.435381 0.246186 
 Mfc1    0.255085 0.000000 0.056780 0.421398 0.136017 
 Mfc2    0.252542 0.056780 0.000000 0.415042 0.138136 
 Compar  0.435381 0.421398 0.415042 0.000000 0.429025 
 Ppmz    0.246186 0.136017 0.138136 0.429025 0.000000 


