compatibilityTable_LtoL
          7Zip     Mfc1     Mfc2     Compar   Ppmz    
 7Zip    0.000000 3.762963 3.703704 6.777778 3.703704 
 Mfc1    3.762963 0.000000 0.903704 6.540741 2.251852 
 Mfc2    3.703704 0.903704 0.000000 6.392592 2.192593 
 Compar  6.777778 6.540741 6.392592 0.000000 6.748148 
 Ppmz    3.703704 2.251852 2.192593 6.748148 0.000000 


new_compatibilityTable_LtoL
          7Zip     Mfc1     Mfc2     Compar   Ppmz    
 7Zip    0.000000 0.235185 0.231481 0.423611 0.231481 
 Mfc1    0.235185 0.000000 0.056481 0.408796 0.140741 
 Mfc2    0.231481 0.056481 0.000000 0.399537 0.137037 
 Compar  0.423611 0.408796 0.399537 0.000000 0.421759 
 Ppmz    0.231481 0.140741 0.137037 0.421759 0.000000 


