compatibilityTable_LtoL
          7Zip     Mfc1     Mfc2     Compar   Ppmz    
 7Zip    0.000000 4.333333 4.133333 7.066667 3.666667 
 Mfc1    4.333333 0.000000 0.800000 6.000000 2.266667 
 Mfc2    4.133333 0.800000 0.000000 6.133333 1.933333 
 Compar  7.066667 6.000000 6.133333 0.000000 6.733333 
 Ppmz    3.666667 2.266667 1.933333 6.733333 0.000000 


new_compatibilityTable_LtoL
          7Zip     Mfc1     Mfc2     Compar   Ppmz    
 7Zip    0.000000 0.270833 0.258333 0.441667 0.229167 
 Mfc1    0.270833 0.000000 0.050000 0.375000 0.141667 
 Mfc2    0.258333 0.050000 0.000000 0.383333 0.120833 
 Compar  0.441667 0.375000 0.383333 0.000000 0.420833 
 Ppmz    0.229167 0.141667 0.120833 0.420833 0.000000 


