compatibilityTable_LtoL
          7Zip     Mfc1     Mfc2     Compar   Ppmz    
 7Zip    0.000000 4.045283 3.977359 7.150943 3.916981 
 Mfc1    4.045283 0.000000 0.966038 6.781132 2.196226 
 Mfc2    3.977359 0.966038 0.000000 6.698113 2.241509 
 Compar  7.150943 6.781132 6.698113 0.000000 6.954717 
 Ppmz    3.916981 2.196226 2.241509 6.954717 0.000000 


new_compatibilityTable_LtoL
          7Zip     Mfc1     Mfc2     Compar   Ppmz    
 7Zip    0.000000 0.252830 0.248585 0.446934 0.244811 
 Mfc1    0.252830 0.000000 0.060377 0.423821 0.137264 
 Mfc2    0.248585 0.060377 0.000000 0.418632 0.140094 
 Compar  0.446934 0.423821 0.418632 0.000000 0.434670 
 Ppmz    0.244811 0.137264 0.140094 0.434670 0.000000 


