compatibilityTable_LtoL
          7Zip     Mfc1     Mfc2     Compar   Ppmz    
 7Zip    0.000000 4.205128 4.128205 7.179487 4.076923 
 Mfc1    4.205128 0.000000 1.034188 6.871795 2.256410 
 Mfc2    4.128205 1.034188 0.000000 6.769231 2.307692 
 Compar  7.179487 6.871795 6.769231 0.000000 7.042735 
 Ppmz    4.076923 2.256410 2.307692 7.042735 0.000000 


new_compatibilityTable_LtoL
          7Zip     Mfc1     Mfc2     Compar   Ppmz    
 7Zip    0.000000 0.262821 0.258013 0.448718 0.254808 
 Mfc1    0.262821 0.000000 0.064637 0.429487 0.141026 
 Mfc2    0.258013 0.064637 0.000000 0.423077 0.144231 
 Compar  0.448718 0.429487 0.423077 0.000000 0.440171 
 Ppmz    0.254808 0.141026 0.144231 0.440171 0.000000 


