compatibilityTable_LtoL
          7Zip     Mfc1     Mfc2     Compar   Ppmz    
 7Zip    0.000000 3.726316 3.578947 6.515790 3.600000 
 Mfc1    3.726316 0.000000 0.757895 6.221053 2.126316 
 Mfc2    3.578947 0.757895 0.000000 6.221053 2.063158 
 Compar  6.515790 6.221053 6.221053 0.000000 6.452631 
 Ppmz    3.600000 2.126316 2.063158 6.452631 0.000000 


new_compatibilityTable_LtoL
          7Zip     Mfc1     Mfc2     Compar   Ppmz    
 7Zip    0.000000 0.232895 0.223684 0.407237 0.225000 
 Mfc1    0.232895 0.000000 0.047368 0.388816 0.132895 
 Mfc2    0.223684 0.047368 0.000000 0.388816 0.128947 
 Compar  0.407237 0.388816 0.388816 0.000000 0.403289 
 Ppmz    0.225000 0.132895 0.128947 0.403289 0.000000 


