compatibilityTable_LtoL
          7Zip     Mfc1     Mfc2     Compar   Ppmz    
 7Zip    0.000000 4.116438 4.068493 7.000000 3.958904 
 Mfc1    4.116438 0.000000 0.910959 6.767123 2.184932 
 Mfc2    4.068493 0.910959 0.000000 6.671233 2.226027 
 Compar  7.000000 6.767123 6.671233 0.000000 6.890411 
 Ppmz    3.958904 2.184932 2.226027 6.890411 0.000000 


new_compatibilityTable_LtoL
          7Zip     Mfc1     Mfc2     Compar   Ppmz    
 7Zip    0.000000 0.257277 0.254281 0.437500 0.247432 
 Mfc1    0.257277 0.000000 0.056935 0.422945 0.136558 
 Mfc2    0.254281 0.056935 0.000000 0.416952 0.139127 
 Compar  0.437500 0.422945 0.416952 0.000000 0.430651 
 Ppmz    0.247432 0.136558 0.139127 0.430651 0.000000 


