compatibilityTable_LtoL
          7Zip     Mfc1     Mfc2     Compar   Ppmz    
 7Zip    0.000000 3.790850 3.686275 6.816993 3.712418 
 Mfc1    3.790850 0.000000 0.928105 6.503268 2.300654 
 Mfc2    3.686275 0.928105 0.000000 6.398693 2.235294 
 Compar  6.816993 6.503268 6.398693 0.000000 6.686275 
 Ppmz    3.712418 2.300654 2.235294 6.686275 0.000000 


new_compatibilityTable_LtoL
          7Zip     Mfc1     Mfc2     Compar   Ppmz    
 7Zip    0.000000 0.236928 0.230392 0.426062 0.232026 
 Mfc1    0.236928 0.000000 0.058007 0.406454 0.143791 
 Mfc2    0.230392 0.058007 0.000000 0.399918 0.139706 
 Compar  0.426062 0.406454 0.399918 0.000000 0.417892 
 Ppmz    0.232026 0.143791 0.139706 0.417892 0.000000 


