compatibilityTable_LtoL
          7Zip     Mfc1     Mfc2     Compar   Ppmz    
 7Zip    0.000000 4.057471 3.942529 7.114943 3.977011 
 Mfc1    4.057471 0.000000 0.954023 6.931035 2.275862 
 Mfc2    3.942529 0.954023 0.000000 6.804598 2.241379 
 Compar  7.114943 6.931035 6.804598 0.000000 7.091954 
 Ppmz    3.977011 2.275862 2.241379 7.091954 0.000000 


new_compatibilityTable_LtoL
          7Zip     Mfc1     Mfc2     Compar   Ppmz    
 7Zip    0.000000 0.253592 0.246408 0.444684 0.248563 
 Mfc1    0.253592 0.000000 0.059626 0.433190 0.142241 
 Mfc2    0.246408 0.059626 0.000000 0.425287 0.140086 
 Compar  0.444684 0.433190 0.425287 0.000000 0.443247 
 Ppmz    0.248563 0.142241 0.140086 0.443247 0.000000 


