compatibilityTable_LtoL
          7Zip     Mfc1     Mfc2     Compar   Ppmz    
 7Zip    0.000000 4.056872 3.952607 7.037915 3.971564 
 Mfc1    4.056872 0.000000 0.853081 6.829384 2.227488 
 Mfc2    3.952607 0.853081 0.000000 6.696682 2.199052 
 Compar  7.037915 6.829384 6.696682 0.000000 7.018957 
 Ppmz    3.971564 2.227488 2.199052 7.018957 0.000000 


new_compatibilityTable_LtoL
          7Zip     Mfc1     Mfc2     Compar   Ppmz    
 7Zip    0.000000 0.253554 0.247038 0.439870 0.248223 
 Mfc1    0.253554 0.000000 0.053318 0.426836 0.139218 
 Mfc2    0.247038 0.053318 0.000000 0.418543 0.137441 
 Compar  0.439870 0.426836 0.418543 0.000000 0.438685 
 Ppmz    0.248223 0.139218 0.137441 0.438685 0.000000 


