compatibilityTable_LtoL
          7Zip     Mfc1     Mfc2     Compar   Ppmz    
 7Zip    0.000000 3.573333 3.440000 5.853333 3.360000 
 Mfc1    3.573333 0.000000 0.640000 5.480000 2.160000 
 Mfc2    3.440000 0.640000 0.000000 5.506667 1.920000 
 Compar  5.853333 5.480000 5.506667 0.000000 5.666667 
 Ppmz    3.360000 2.160000 1.920000 5.666667 0.000000 


new_compatibilityTable_LtoL
          7Zip     Mfc1     Mfc2     Compar   Ppmz    
 7Zip    0.000000 0.223333 0.215000 0.365833 0.210000 
 Mfc1    0.223333 0.000000 0.040000 0.342500 0.135000 
 Mfc2    0.215000 0.040000 0.000000 0.344167 0.120000 
 Compar  0.365833 0.342500 0.344167 0.000000 0.354167 
 Ppmz    0.210000 0.135000 0.120000 0.354167 0.000000 


