compatibilityTable_LtoL
          7Zip     Mfc1     Mfc2     Compar   Ppmz    
 7Zip    0.000000 4.098591 4.042253 7.084507 3.971831 
 Mfc1    4.098591 0.000000 0.929577 6.802817 2.204225 
 Mfc2    4.042253 0.929577 0.000000 6.704226 2.239437 
 Compar  7.084507 6.802817 6.704226 0.000000 6.950704 
 Ppmz    3.971831 2.204225 2.239437 6.950704 0.000000 


new_compatibilityTable_LtoL
          7Zip     Mfc1     Mfc2     Compar   Ppmz    
 7Zip    0.000000 0.256162 0.252641 0.442782 0.248239 
 Mfc1    0.256162 0.000000 0.058099 0.425176 0.137764 
 Mfc2    0.252641 0.058099 0.000000 0.419014 0.139965 
 Compar  0.442782 0.425176 0.419014 0.000000 0.434419 
 Ppmz    0.248239 0.137764 0.139965 0.434419 0.000000 


