compatibilityTable_LtoL
          7Zip     Mfc1     Mfc2     Compar   Ppmz    
 7Zip    0.000000 3.781250 3.671875 6.640625 3.656250 
 Mfc1    3.781250 0.000000 0.906250 6.421875 2.234375 
 Mfc2    3.671875 0.906250 0.000000 6.281250 2.140625 
 Compar  6.640625 6.421875 6.281250 0.000000 6.609375 
 Ppmz    3.656250 2.234375 2.140625 6.609375 0.000000 


new_compatibilityTable_LtoL
          7Zip     Mfc1     Mfc2     Compar   Ppmz    
 7Zip    0.000000 0.236328 0.229492 0.415039 0.228516 
 Mfc1    0.236328 0.000000 0.056641 0.401367 0.139648 
 Mfc2    0.229492 0.056641 0.000000 0.392578 0.133789 
 Compar  0.415039 0.401367 0.392578 0.000000 0.413086 
 Ppmz    0.228516 0.139648 0.133789 0.413086 0.000000 


