compatibilityTable_LtoL
          7Zip     Mfc1     Mfc2     Compar   Ppmz    
 7Zip    0.000000 4.069231 4.000000 7.176923 3.961539 
 Mfc1    4.069231 0.000000 0.976923 6.815384 2.215385 
 Mfc2    4.000000 0.976923 0.000000 6.738461 2.261539 
 Compar  7.176923 6.815384 6.738461 0.000000 6.984615 
 Ppmz    3.961539 2.215385 2.261539 6.984615 0.000000 


new_compatibilityTable_LtoL
          7Zip     Mfc1     Mfc2     Compar   Ppmz    
 7Zip    0.000000 0.254327 0.250000 0.448558 0.247596 
 Mfc1    0.254327 0.000000 0.061058 0.425962 0.138462 
 Mfc2    0.250000 0.061058 0.000000 0.421154 0.141346 
 Compar  0.448558 0.425962 0.421154 0.000000 0.436538 
 Ppmz    0.247596 0.138462 0.141346 0.436538 0.000000 


