compatibilityTable_LtoL
          7Zip     Mfc1     Mfc2     Compar   Ppmz    
 7Zip    0.000000 3.695652 3.543478 6.434783 3.586957 
 Mfc1    3.695652 0.000000 0.782609 6.173913 2.130435 
 Mfc2    3.543478 0.782609 0.000000 6.173913 2.065217 
 Compar  6.434783 6.173913 6.173913 0.000000 6.391304 
 Ppmz    3.586957 2.130435 2.065217 6.391304 0.000000 


new_compatibilityTable_LtoL
          7Zip     Mfc1     Mfc2     Compar   Ppmz    
 7Zip    0.000000 0.230978 0.221467 0.402174 0.224185 
 Mfc1    0.230978 0.000000 0.048913 0.385870 0.133152 
 Mfc2    0.221467 0.048913 0.000000 0.385870 0.129076 
 Compar  0.402174 0.385870 0.385870 0.000000 0.399457 
 Ppmz    0.224185 0.133152 0.129076 0.399457 0.000000 


