compatibilityTable_LtoL
          7Zip     Mfc1     Mfc2     Compar   Ppmz    
 7Zip    0.000000 4.150000 4.083333 7.166667 4.058333 
 Mfc1    4.150000 0.000000 1.033333 6.883333 2.250000 
 Mfc2    4.083333 1.033333 0.000000 6.783333 2.300000 
 Compar  7.166667 6.883333 6.783333 0.000000 7.025000 
 Ppmz    4.058333 2.250000 2.300000 7.025000 0.000000 


new_compatibilityTable_LtoL
          7Zip     Mfc1     Mfc2     Compar   Ppmz    
 7Zip    0.000000 0.259375 0.255208 0.447917 0.253646 
 Mfc1    0.259375 0.000000 0.064583 0.430208 0.140625 
 Mfc2    0.255208 0.064583 0.000000 0.423958 0.143750 
 Compar  0.447917 0.430208 0.423958 0.000000 0.439063 
 Ppmz    0.253646 0.140625 0.143750 0.439063 0.000000 


