compatibilityTable_LtoL
          7Zip     Mfc1     Mfc2     Compar   Ppmz    
 7Zip    0.000000 4.090000 3.980000 7.010000 3.960000 
 Mfc1    4.090000 0.000000 0.900000 6.840000 2.260000 
 Mfc2    3.980000 0.900000 0.000000 6.700000 2.230000 
 Compar  7.010000 6.840000 6.700000 0.000000 6.990000 
 Ppmz    3.960000 2.260000 2.230000 6.990000 0.000000 


new_compatibilityTable_LtoL
          7Zip     Mfc1     Mfc2     Compar   Ppmz    
 7Zip    0.000000 0.255625 0.248750 0.438125 0.247500 
 Mfc1    0.255625 0.000000 0.056250 0.427500 0.141250 
 Mfc2    0.248750 0.056250 0.000000 0.418750 0.139375 
 Compar  0.438125 0.427500 0.418750 0.000000 0.436875 
 Ppmz    0.247500 0.141250 0.139375 0.436875 0.000000 


