compatibilityTable_LtoL
          7Zip     Mfc1     Mfc2     Compar   Ppmz    
 7Zip    0.000000 3.776000 3.632000 6.600000 3.664000 
 Mfc1    3.776000 0.000000 0.832000 6.360000 2.208000 
 Mfc2    3.632000 0.832000 0.000000 6.216000 2.128000 
 Compar  6.600000 6.360000 6.216000 0.000000 6.552000 
 Ppmz    3.664000 2.208000 2.128000 6.552000 0.000000 


new_compatibilityTable_LtoL
          7Zip     Mfc1     Mfc2     Compar   Ppmz    
 7Zip    0.000000 0.236000 0.227000 0.412500 0.229000 
 Mfc1    0.236000 0.000000 0.052000 0.397500 0.138000 
 Mfc2    0.227000 0.052000 0.000000 0.388500 0.133000 
 Compar  0.412500 0.397500 0.388500 0.000000 0.409500 
 Ppmz    0.229000 0.138000 0.133000 0.409500 0.000000 


