compatibilityTable_LtoL
          7Zip     Mfc1     Mfc2     Compar   Ppmz    
 7Zip    0.000000 3.784810 3.696203 6.810127 3.734177 
 Mfc1    3.784810 0.000000 0.911392 6.506329 2.329114 
 Mfc2    3.696203 0.911392 0.000000 6.405063 2.278481 
 Compar  6.810127 6.506329 6.405063 0.000000 6.696203 
 Ppmz    3.734177 2.329114 2.278481 6.696203 0.000000 


new_compatibilityTable_LtoL
          7Zip     Mfc1     Mfc2     Compar   Ppmz    
 7Zip    0.000000 0.236551 0.231013 0.425633 0.233386 
 Mfc1    0.236551 0.000000 0.056962 0.406646 0.145570 
 Mfc2    0.231013 0.056962 0.000000 0.400316 0.142405 
 Compar  0.425633 0.406646 0.400316 0.000000 0.418513 
 Ppmz    0.233386 0.145570 0.142405 0.418513 0.000000 


