compatibilityTable_LtoL
          7Zip     Mfc1     Mfc2     Compar   Ppmz    
 7Zip    0.000000 4.312500 4.125000 6.937500 3.750000 
 Mfc1    4.312500 0.000000 0.875000 5.875000 2.375000 
 Mfc2    4.125000 0.875000 0.000000 5.937500 1.937500 
 Compar  6.937500 5.875000 5.937500 0.000000 6.625000 
 Ppmz    3.750000 2.375000 1.937500 6.625000 0.000000 


new_compatibilityTable_LtoL
          7Zip     Mfc1     Mfc2     Compar   Ppmz    
 7Zip    0.000000 0.269531 0.257812 0.433594 0.234375 
 Mfc1    0.269531 0.000000 0.054688 0.367188 0.148438 
 Mfc2    0.257812 0.054688 0.000000 0.371094 0.121094 
 Compar  0.433594 0.367188 0.371094 0.000000 0.414062 
 Ppmz    0.234375 0.148438 0.121094 0.414062 0.000000 


