compatibilityTable_LtoL
          7Zip     Mfc1     Mfc2     Compar   Ppmz    
 7Zip    0.000000 4.076555 3.971292 7.019139 3.952153 
 Mfc1    4.076555 0.000000 0.861244 6.808612 2.200957 
 Mfc2    3.971292 0.861244 0.000000 6.674641 2.172249 
 Compar  7.019139 6.808612 6.674641 0.000000 6.990431 
 Ppmz    3.952153 2.200957 2.172249 6.990431 0.000000 


new_compatibilityTable_LtoL
          7Zip     Mfc1     Mfc2     Compar   Ppmz    
 7Zip    0.000000 0.254785 0.248206 0.438696 0.247010 
 Mfc1    0.254785 0.000000 0.053828 0.425538 0.137560 
 Mfc2    0.248206 0.053828 0.000000 0.417165 0.135766 
 Compar  0.438696 0.425538 0.417165 0.000000 0.436902 
 Ppmz    0.247010 0.137560 0.135766 0.436902 0.000000 


