compatibilityTable_LtoL
          7Zip     Mfc1     Mfc2     Compar   Ppmz    
 7Zip    0.000000 3.711111 3.533333 6.288889 3.555556 
 Mfc1    3.711111 0.000000 0.777778 6.044445 2.088889 
 Mfc2    3.533333 0.777778 0.000000 6.044445 2.000000 
 Compar  6.288889 6.044445 6.044445 0.000000 6.222222 
 Ppmz    3.555556 2.088889 2.000000 6.222222 0.000000 


new_compatibilityTable_LtoL
          7Zip     Mfc1     Mfc2     Compar   Ppmz    
 7Zip    0.000000 0.231944 0.220833 0.393056 0.222222 
 Mfc1    0.231944 0.000000 0.048611 0.377778 0.130556 
 Mfc2    0.220833 0.048611 0.000000 0.377778 0.125000 
 Compar  0.393056 0.377778 0.377778 0.000000 0.388889 
 Ppmz    0.222222 0.130556 0.125000 0.388889 0.000000 


