compatibilityTable_LtoL
          7Zip     Mfc1     Mfc2     Compar   Ppmz    
 7Zip    0.000000 4.072727 3.981818 7.081818 3.981818 
 Mfc1    4.072727 0.000000 0.872727 6.854546 2.209091 
 Mfc2    3.981818 0.872727 0.000000 6.709091 2.190909 
 Compar  7.081818 6.854546 6.709091 0.000000 7.018182 
 Ppmz    3.981818 2.209091 2.190909 7.018182 0.000000 


new_compatibilityTable_LtoL
          7Zip     Mfc1     Mfc2     Compar   Ppmz    
 7Zip    0.000000 0.254545 0.248864 0.442614 0.248864 
 Mfc1    0.254545 0.000000 0.054545 0.428409 0.138068 
 Mfc2    0.248864 0.054545 0.000000 0.419318 0.136932 
 Compar  0.442614 0.428409 0.419318 0.000000 0.438636 
 Ppmz    0.248864 0.138068 0.136932 0.438636 0.000000 


