compatibilityTable_LtoL
          7Zip     Mfc1     Mfc2     Compar   Ppmz    
 7Zip    0.000000 4.060201 4.020067 6.919733 3.919732 
 Mfc1    4.060201 0.000000 0.903010 6.712375 2.153846 
 Mfc2    4.020067 0.903010 0.000000 6.612040 2.180602 
 Compar  6.919733 6.712375 6.612040 0.000000 6.832776 
 Ppmz    3.919732 2.153846 2.180602 6.832776 0.000000 


new_compatibilityTable_LtoL
          7Zip     Mfc1     Mfc2     Compar   Ppmz    
 7Zip    0.000000 0.253763 0.251254 0.432483 0.244983 
 Mfc1    0.253763 0.000000 0.056438 0.419523 0.134615 
 Mfc2    0.251254 0.056438 0.000000 0.413253 0.136288 
 Compar  0.432483 0.419523 0.413253 0.000000 0.427049 
 Ppmz    0.244983 0.134615 0.136288 0.427049 0.000000 


