compatibilityTable_LtoL
          7Zip     Mfc1     Mfc2     Compar   Ppmz    
 7Zip    0.000000 3.804878 3.674797 6.658536 3.707317 
 Mfc1    3.804878 0.000000 0.829268 6.414634 2.227642 
 Mfc2    3.674797 0.829268 0.000000 6.284553 2.162602 
 Compar  6.658536 6.414634 6.284553 0.000000 6.626016 
 Ppmz    3.707317 2.227642 2.162602 6.626016 0.000000 


new_compatibilityTable_LtoL
          7Zip     Mfc1     Mfc2     Compar   Ppmz    
 7Zip    0.000000 0.237805 0.229675 0.416159 0.231707 
 Mfc1    0.237805 0.000000 0.051829 0.400915 0.139228 
 Mfc2    0.229675 0.051829 0.000000 0.392785 0.135163 
 Compar  0.416159 0.400915 0.392785 0.000000 0.414126 
 Ppmz    0.231707 0.139228 0.135163 0.414126 0.000000 


