compatibilityTable_LtoL
          7Zip     Mfc1     Mfc2     Compar   Ppmz    
 7Zip    0.000000 3.782946 3.674419 6.643411 3.689923 
 Mfc1    3.782946 0.000000 0.899225 6.426357 2.248062 
 Mfc2    3.674419 0.899225 0.000000 6.286822 2.155039 
 Compar  6.643411 6.426357 6.286822 0.000000 6.627907 
 Ppmz    3.689923 2.248062 2.155039 6.627907 0.000000 


new_compatibilityTable_LtoL
          7Zip     Mfc1     Mfc2     Compar   Ppmz    
 7Zip    0.000000 0.236434 0.229651 0.415213 0.230620 
 Mfc1    0.236434 0.000000 0.056202 0.401647 0.140504 
 Mfc2    0.229651 0.056202 0.000000 0.392926 0.134690 
 Compar  0.415213 0.401647 0.392926 0.000000 0.414244 
 Ppmz    0.230620 0.140504 0.134690 0.414244 0.000000 


