compatibilityTable_LtoL
          7Zip     Mfc1     Mfc2     Compar   Ppmz    
 7Zip    0.000000 3.939024 3.853658 6.853659 3.878049 
 Mfc1    3.939024 0.000000 0.926829 6.609756 2.329268 
 Mfc2    3.853658 0.926829 0.000000 6.500000 2.317073 
 Compar  6.853659 6.609756 6.500000 0.000000 6.780488 
 Ppmz    3.878049 2.329268 2.317073 6.780488 0.000000 


new_compatibilityTable_LtoL
          7Zip     Mfc1     Mfc2     Compar   Ppmz    
 7Zip    0.000000 0.246189 0.240854 0.428354 0.242378 
 Mfc1    0.246189 0.000000 0.057927 0.413110 0.145579 
 Mfc2    0.240854 0.057927 0.000000 0.406250 0.144817 
 Compar  0.428354 0.413110 0.406250 0.000000 0.423781 
 Ppmz    0.242378 0.145579 0.144817 0.423781 0.000000 


