compatibilityTable_LtoL
          7Zip     Mfc1     Mfc2     Compar   Ppmz    
 7Zip    0.000000 3.707317 3.560976 6.317073 3.585366 
 Mfc1    3.707317 0.000000 0.804878 5.951220 2.195122 
 Mfc2    3.560976 0.804878 0.000000 5.975610 2.097561 
 Compar  6.317073 5.951220 5.975610 0.000000 6.170732 
 Ppmz    3.585366 2.195122 2.097561 6.170732 0.000000 


new_compatibilityTable_LtoL
          7Zip     Mfc1     Mfc2     Compar   Ppmz    
 7Zip    0.000000 0.231707 0.222561 0.394817 0.224085 
 Mfc1    0.231707 0.000000 0.050305 0.371951 0.137195 
 Mfc2    0.222561 0.050305 0.000000 0.373476 0.131098 
 Compar  0.394817 0.371951 0.373476 0.000000 0.385671 
 Ppmz    0.224085 0.137195 0.131098 0.385671 0.000000 


