compatibilityTable_LtoL
          7Zip     Mfc1     Mfc2     Compar   Ppmz    
 7Zip    0.000000 3.763441 3.612903 6.483871 3.634409 
 Mfc1    3.763441 0.000000 0.774194 6.182796 2.172043 
 Mfc2    3.612903 0.774194 0.000000 6.182796 2.107527 
 Compar  6.483871 6.182796 6.182796 0.000000 6.419355 
 Ppmz    3.634409 2.172043 2.107527 6.419355 0.000000 


new_compatibilityTable_LtoL
          7Zip     Mfc1     Mfc2     Compar   Ppmz    
 7Zip    0.000000 0.235215 0.225806 0.405242 0.227151 
 Mfc1    0.235215 0.000000 0.048387 0.386425 0.135753 
 Mfc2    0.225806 0.048387 0.000000 0.386425 0.131720 
 Compar  0.405242 0.386425 0.386425 0.000000 0.401210 
 Ppmz    0.227151 0.135753 0.131720 0.401210 0.000000 


