compatibilityTable_LtoL
          7Zip     Mfc1     Mfc2     Compar   Ppmz    
 7Zip    0.000000 4.080925 3.965318 7.092485 4.000000 
 Mfc1    4.080925 0.000000 0.959538 6.907515 2.289017 
 Mfc2    3.965318 0.959538 0.000000 6.780347 2.254335 
 Compar  7.092485 6.907515 6.780347 0.000000 7.069364 
 Ppmz    4.000000 2.289017 2.254335 7.069364 0.000000 


new_compatibilityTable_LtoL
          7Zip     Mfc1     Mfc2     Compar   Ppmz    
 7Zip    0.000000 0.255058 0.247832 0.443280 0.250000 
 Mfc1    0.255058 0.000000 0.059971 0.431720 0.143064 
 Mfc2    0.247832 0.059971 0.000000 0.423772 0.140896 
 Compar  0.443280 0.431720 0.423772 0.000000 0.441835 
 Ppmz    0.250000 0.143064 0.140896 0.441835 0.000000 


