compatibilityTable_LtoL
          7Zip     Mfc1     Mfc2     Compar   Ppmz    
 7Zip    0.000000 3.714286 2.857143 6.714286 2.285714 
 Mfc1    3.714286 0.000000 1.142857 5.857143 2.285714 
 Mfc2    2.857143 1.142857 0.000000 6.428571 1.142857 
 Compar  6.714286 5.857143 6.428571 0.000000 7.000000 
 Ppmz    2.285714 2.285714 1.142857 7.000000 0.000000 


new_compatibilityTable_LtoL
          7Zip     Mfc1     Mfc2     Compar   Ppmz    
 7Zip    0.000000 0.232143 0.178571 0.419643 0.142857 
 Mfc1    0.232143 0.000000 0.071429 0.366071 0.142857 
 Mfc2    0.178571 0.071429 0.000000 0.401786 0.071429 
 Compar  0.419643 0.366071 0.401786 0.000000 0.437500 
 Ppmz    0.142857 0.142857 0.071429 0.437500 0.000000 


