compatibilityTable_LtoL
          7Zip     Mfc1     Mfc2     Compar   Ppmz    
 7Zip    0.000000 4.125874 4.069930 7.090909 4.000000 
 Mfc1    4.125874 0.000000 0.923077 6.790210 2.188811 
 Mfc2    4.069930 0.923077 0.000000 6.692307 2.223776 
 Compar  7.090909 6.790210 6.692307 0.000000 6.937063 
 Ppmz    4.000000 2.188811 2.223776 6.937063 0.000000 


new_compatibilityTable_LtoL
          7Zip     Mfc1     Mfc2     Compar   Ppmz    
 7Zip    0.000000 0.257867 0.254371 0.443182 0.250000 
 Mfc1    0.257867 0.000000 0.057692 0.424388 0.136801 
 Mfc2    0.254371 0.057692 0.000000 0.418269 0.138986 
 Compar  0.443182 0.424388 0.418269 0.000000 0.433566 
 Ppmz    0.250000 0.136801 0.138986 0.433566 0.000000 


