compatibilityTable_LtoL
          7Zip     Mfc1     Mfc2     Compar   Ppmz    
 7Zip    0.000000 4.094340 3.981132 7.056604 3.981132 
 Mfc1    4.094340 0.000000 0.886792 6.858490 2.254717 
 Mfc2    3.981132 0.886792 0.000000 6.716981 2.216981 
 Compar  7.056604 6.858490 6.716981 0.000000 7.047170 
 Ppmz    3.981132 2.254717 2.216981 7.047170 0.000000 


new_compatibilityTable_LtoL
          7Zip     Mfc1     Mfc2     Compar   Ppmz    
 7Zip    0.000000 0.255896 0.248821 0.441038 0.248821 
 Mfc1    0.255896 0.000000 0.055425 0.428656 0.140920 
 Mfc2    0.248821 0.055425 0.000000 0.419811 0.138561 
 Compar  0.441038 0.428656 0.419811 0.000000 0.440448 
 Ppmz    0.248821 0.140920 0.138561 0.440448 0.000000 


