compatibilityTable_LtoL
          7Zip     Mfc1     Mfc2     Compar   Ppmz    
 7Zip    0.000000 3.761905 3.619048 6.380952 3.642857 
 Mfc1    3.761905 0.000000 0.785714 6.095238 2.166667 
 Mfc2    3.619048 0.785714 0.000000 6.119048 2.071429 
 Compar  6.380952 6.095238 6.119048 0.000000 6.309524 
 Ppmz    3.642857 2.166667 2.071429 6.309524 0.000000 


new_compatibilityTable_LtoL
          7Zip     Mfc1     Mfc2     Compar   Ppmz    
 7Zip    0.000000 0.235119 0.226190 0.398810 0.227679 
 Mfc1    0.235119 0.000000 0.049107 0.380952 0.135417 
 Mfc2    0.226190 0.049107 0.000000 0.382440 0.129464 
 Compar  0.398810 0.380952 0.382440 0.000000 0.394345 
 Ppmz    0.227679 0.135417 0.129464 0.394345 0.000000 


