compatibilityTable_LtoL
          7Zip     Mfc1     Mfc2     Compar   Ppmz    
 7Zip    0.000000 3.860465 3.720930 6.162791 3.302325 
 Mfc1    3.860465 0.000000 0.930233 5.418605 2.139535 
 Mfc2    3.720930 0.930233 0.000000 5.511628 1.813954 
 Compar  6.162791 5.418605 5.511628 0.000000 5.976744 
 Ppmz    3.302325 2.139535 1.813954 5.976744 0.000000 


new_compatibilityTable_LtoL
          7Zip     Mfc1     Mfc2     Compar   Ppmz    
 7Zip    0.000000 0.241279 0.232558 0.385174 0.206395 
 Mfc1    0.241279 0.000000 0.058140 0.338663 0.133721 
 Mfc2    0.232558 0.058140 0.000000 0.344477 0.113372 
 Compar  0.385174 0.338663 0.344477 0.000000 0.373547 
 Ppmz    0.206395 0.133721 0.113372 0.373547 0.000000 


