compatibilityTable_LtoL
          7Zip     Mfc1     Mfc2     Compar   Ppmz    
 7Zip    0.000000 4.100000 4.028572 7.100000 3.985714 
 Mfc1    4.100000 0.000000 0.921429 6.807143 2.171429 
 Mfc2    4.028572 0.921429 0.000000 6.721428 2.207143 
 Compar  7.100000 6.807143 6.721428 0.000000 6.964286 
 Ppmz    3.985714 2.171429 2.207143 6.964286 0.000000 


new_compatibilityTable_LtoL
          7Zip     Mfc1     Mfc2     Compar   Ppmz    
 7Zip    0.000000 0.256250 0.251786 0.443750 0.249107 
 Mfc1    0.256250 0.000000 0.057589 0.425446 0.135714 
 Mfc2    0.251786 0.057589 0.000000 0.420089 0.137946 
 Compar  0.443750 0.425446 0.420089 0.000000 0.435268 
 Ppmz    0.249107 0.135714 0.137946 0.435268 0.000000 


