compatibilityTable_LtoL
          7Zip     Mfc1     Mfc2     Compar   Ppmz    
 7Zip    0.000000 4.322581 4.064516 6.935484 3.677419 
 Mfc1    4.322581 0.000000 0.838710 5.903226 2.387097 
 Mfc2    4.064516 0.838710 0.000000 5.967742 2.000000 
 Compar  6.935484 5.903226 5.967742 0.000000 6.677419 
 Ppmz    3.677419 2.387097 2.000000 6.677419 0.000000 


new_compatibilityTable_LtoL
          7Zip     Mfc1     Mfc2     Compar   Ppmz    
 7Zip    0.000000 0.270161 0.254032 0.433468 0.229839 
 Mfc1    0.270161 0.000000 0.052419 0.368952 0.149194 
 Mfc2    0.254032 0.052419 0.000000 0.372984 0.125000 
 Compar  0.433468 0.368952 0.372984 0.000000 0.417339 
 Ppmz    0.229839 0.149194 0.125000 0.417339 0.000000 


