compatibilityTable_LtoL
          7Zip     Mfc1     Mfc2     Compar   Ppmz    
 7Zip    0.000000 4.127490 4.055777 7.199203 4.015936 
 Mfc1    4.127490 0.000000 1.011952 6.864542 2.239044 
 Mfc2    4.055777 1.011952 0.000000 6.784861 2.286853 
 Compar  7.199203 6.864542 6.784861 0.000000 7.015936 
 Ppmz    4.015936 2.239044 2.286853 7.015936 0.000000 


new_compatibilityTable_LtoL
          7Zip     Mfc1     Mfc2     Compar   Ppmz    
 7Zip    0.000000 0.257968 0.253486 0.449950 0.250996 
 Mfc1    0.257968 0.000000 0.063247 0.429034 0.139940 
 Mfc2    0.253486 0.063247 0.000000 0.424054 0.142928 
 Compar  0.449950 0.429034 0.424054 0.000000 0.438496 
 Ppmz    0.250996 0.139940 0.142928 0.438496 0.000000 


