compatibilityTable_LtoL
          7Zip     Mfc1     Mfc2     Compar   Ppmz    
 7Zip    0.000000 3.792208 3.688312 6.831169 3.753247 
 Mfc1    3.792208 0.000000 0.922078 6.506494 2.363636 
 Mfc2    3.688312 0.922078 0.000000 6.402597 2.298701 
 Compar  6.831169 6.506494 6.402597 0.000000 6.714286 
 Ppmz    3.753247 2.363636 2.298701 6.714286 0.000000 


new_compatibilityTable_LtoL
          7Zip     Mfc1     Mfc2     Compar   Ppmz    
 7Zip    0.000000 0.237013 0.230519 0.426948 0.234578 
 Mfc1    0.237013 0.000000 0.057630 0.406656 0.147727 
 Mfc2    0.230519 0.057630 0.000000 0.400162 0.143669 
 Compar  0.426948 0.406656 0.400162 0.000000 0.419643 
 Ppmz    0.234578 0.147727 0.143669 0.419643 0.000000 


