compatibilityTable_LtoL
          7Zip     Mfc1     Mfc2     Compar   Ppmz    
 7Zip    0.000000 4.118812 4.009901 7.009901 3.990099 
 Mfc1    4.118812 0.000000 0.891089 6.831683 2.237624 
 Mfc2    4.009901 0.891089 0.000000 6.693069 2.207921 
 Compar  7.009901 6.831683 6.693069 0.000000 6.980198 
 Ppmz    3.990099 2.237624 2.207921 6.980198 0.000000 


new_compatibilityTable_LtoL
          7Zip     Mfc1     Mfc2     Compar   Ppmz    
 7Zip    0.000000 0.257426 0.250619 0.438119 0.249381 
 Mfc1    0.257426 0.000000 0.055693 0.426980 0.139851 
 Mfc2    0.250619 0.055693 0.000000 0.418317 0.137995 
 Compar  0.438119 0.426980 0.418317 0.000000 0.436262 
 Ppmz    0.249381 0.139851 0.137995 0.436262 0.000000 


