compatibilityTable_LtoL
          7Zip     Mfc1     Mfc2     Compar   Ppmz    
 7Zip    0.000000 3.819672 3.688524 6.672131 3.721312 
 Mfc1    3.819672 0.000000 0.836066 6.426229 2.245902 
 Mfc2    3.688524 0.836066 0.000000 6.295082 2.180328 
 Compar  6.672131 6.426229 6.295082 0.000000 6.639344 
 Ppmz    3.721312 2.245902 2.180328 6.639344 0.000000 


new_compatibilityTable_LtoL
          7Zip     Mfc1     Mfc2     Compar   Ppmz    
 7Zip    0.000000 0.238730 0.230533 0.417008 0.232582 
 Mfc1    0.238730 0.000000 0.052254 0.401639 0.140369 
 Mfc2    0.230533 0.052254 0.000000 0.393443 0.136270 
 Compar  0.417008 0.401639 0.393443 0.000000 0.414959 
 Ppmz    0.232582 0.140369 0.136270 0.414959 0.000000 


