compatibilityTable_LtoL
          7Zip     Mfc1     Mfc2     Compar   Ppmz    
 7Zip    0.000000 4.160337 4.084388 7.160337 4.042194 
 Mfc1    4.160337 0.000000 1.021097 6.864979 2.236287 
 Mfc2    4.084388 1.021097 0.000000 6.763713 2.286920 
 Compar  7.160337 6.864979 6.763713 0.000000 7.033755 
 Ppmz    4.042194 2.236287 2.286920 7.033755 0.000000 


new_compatibilityTable_LtoL
          7Zip     Mfc1     Mfc2     Compar   Ppmz    
 7Zip    0.000000 0.260021 0.255274 0.447521 0.252637 
 Mfc1    0.260021 0.000000 0.063819 0.429061 0.139768 
 Mfc2    0.255274 0.063819 0.000000 0.422732 0.142932 
 Compar  0.447521 0.429061 0.422732 0.000000 0.439610 
 Ppmz    0.252637 0.139768 0.142932 0.439610 0.000000 


