compatibilityTable_LtoL
          7Zip     Mfc1     Mfc2     Compar   Ppmz    
 7Zip    0.000000 4.161290 4.080645 7.241935 4.048387 
 Mfc1    4.161290 0.000000 1.016129 6.919355 2.266129 
 Mfc2    4.080645 1.016129 0.000000 6.830645 2.306452 
 Compar  7.241935 6.919355 6.830645 0.000000 7.072581 
 Ppmz    4.048387 2.266129 2.306452 7.072581 0.000000 


new_compatibilityTable_LtoL
          7Zip     Mfc1     Mfc2     Compar   Ppmz    
 7Zip    0.000000 0.260081 0.255040 0.452621 0.253024 
 Mfc1    0.260081 0.000000 0.063508 0.432460 0.141633 
 Mfc2    0.255040 0.063508 0.000000 0.426915 0.144153 
 Compar  0.452621 0.432460 0.426915 0.000000 0.442036 
 Ppmz    0.253024 0.141633 0.144153 0.442036 0.000000 


