compatibilityTable_LtoL
          7Zip     Mfc1     Mfc2     Compar   Ppmz    
 7Zip    0.000000 3.804196 3.720280 6.804196 3.720280 
 Mfc1    3.804196 0.000000 0.923077 6.580420 2.321678 
 Mfc2    3.720280 0.923077 0.000000 6.440559 2.265734 
 Compar  6.804196 6.580420 6.440559 0.000000 6.790210 
 Ppmz    3.720280 2.321678 2.265734 6.790210 0.000000 


new_compatibilityTable_LtoL
          7Zip     Mfc1     Mfc2     Compar   Ppmz    
 7Zip    0.000000 0.237762 0.232517 0.425262 0.232517 
 Mfc1    0.237762 0.000000 0.057692 0.411276 0.145105 
 Mfc2    0.232517 0.057692 0.000000 0.402535 0.141608 
 Compar  0.425262 0.411276 0.402535 0.000000 0.424388 
 Ppmz    0.232517 0.145105 0.141608 0.424388 0.000000 


