compatibilityTable_LtoL
          7Zip     Mfc1     Mfc2     Compar   Ppmz    
 7Zip    0.000000 3.584416 3.454545 5.935065 3.376623 
 Mfc1    3.584416 0.000000 0.623377 5.519481 2.129870 
 Mfc2    3.454545 0.623377 0.000000 5.545455 1.896104 
 Compar  5.935065 5.519481 5.545455 0.000000 5.727273 
 Ppmz    3.376623 2.129870 1.896104 5.727273 0.000000 


new_compatibilityTable_LtoL
          7Zip     Mfc1     Mfc2     Compar   Ppmz    
 7Zip    0.000000 0.224026 0.215909 0.370942 0.211039 
 Mfc1    0.224026 0.000000 0.038961 0.344968 0.133117 
 Mfc2    0.215909 0.038961 0.000000 0.346591 0.118506 
 Compar  0.370942 0.344968 0.346591 0.000000 0.357955 
 Ppmz    0.211039 0.133117 0.118506 0.357955 0.000000 


