compatibilityTable_LtoL
          7Zip     Mfc1     Mfc2     Compar   Ppmz    
 7Zip    0.000000 4.428571 4.214286 7.285714 3.714286 
 Mfc1    4.428571 0.000000 0.857143 6.071429 2.428571 
 Mfc2    4.214286 0.857143 0.000000 6.214286 2.071429 
 Compar  7.285714 6.071429 6.214286 0.000000 6.857143 
 Ppmz    3.714286 2.428571 2.071429 6.857143 0.000000 


new_compatibilityTable_LtoL
          7Zip     Mfc1     Mfc2     Compar   Ppmz    
 7Zip    0.000000 0.276786 0.263393 0.455357 0.232143 
 Mfc1    0.276786 0.000000 0.053571 0.379464 0.151786 
 Mfc2    0.263393 0.053571 0.000000 0.388393 0.129464 
 Compar  0.455357 0.379464 0.388393 0.000000 0.428571 
 Ppmz    0.232143 0.151786 0.129464 0.428571 0.000000 


