compatibilityTable_LtoL
          7Zip     Mfc1     Mfc2     Compar   Ppmz    
 7Zip    0.000000 4.538462 4.307693 7.384615 3.769231 
 Mfc1    4.538462 0.000000 0.923077 6.076923 2.461539 
 Mfc2    4.307693 0.923077 0.000000 6.230769 2.076923 
 Compar  7.384615 6.076923 6.230769 0.000000 7.076923 
 Ppmz    3.769231 2.461539 2.076923 7.076923 0.000000 


new_compatibilityTable_LtoL
          7Zip     Mfc1     Mfc2     Compar   Ppmz    
 7Zip    0.000000 0.283654 0.269231 0.461538 0.235577 
 Mfc1    0.283654 0.000000 0.057692 0.379808 0.153846 
 Mfc2    0.269231 0.057692 0.000000 0.389423 0.129808 
 Compar  0.461538 0.379808 0.389423 0.000000 0.442308 
 Ppmz    0.235577 0.153846 0.129808 0.442308 0.000000 


