compatibilityTable_LtoL
          7Zip     Mfc1     Mfc2     Compar   Ppmz    
 7Zip    0.000000 4.636364 4.363636 7.181818 3.818182 
 Mfc1    4.636364 0.000000 0.818182 5.727273 2.454545 
 Mfc2    4.363636 0.818182 0.000000 6.000000 2.000000 
 Compar  7.181818 5.727273 6.000000 0.000000 6.727273 
 Ppmz    3.818182 2.454545 2.000000 6.727273 0.000000 


new_compatibilityTable_LtoL
          7Zip     Mfc1     Mfc2     Compar   Ppmz    
 7Zip    0.000000 0.289773 0.272727 0.448864 0.238636 
 Mfc1    0.289773 0.000000 0.051136 0.357955 0.153409 
 Mfc2    0.272727 0.051136 0.000000 0.375000 0.125000 
 Compar  0.448864 0.357955 0.375000 0.000000 0.420455 
 Ppmz    0.238636 0.153409 0.125000 0.420455 0.000000 


