compatibilityTable_LtoL
          7Zip     Mfc1     Mfc2     Compar   Ppmz    
 7Zip    0.000000 4.177966 4.101695 7.186440 4.059322 
 Mfc1    4.177966 0.000000 1.025424 6.889831 2.245763 
 Mfc2    4.101695 1.025424 0.000000 6.788136 2.296610 
 Compar  7.186440 6.889831 6.788136 0.000000 7.059322 
 Ppmz    4.059322 2.245763 2.296610 7.059322 0.000000 


new_compatibilityTable_LtoL
          7Zip     Mfc1     Mfc2     Compar   Ppmz    
 7Zip    0.000000 0.261123 0.256356 0.449153 0.253708 
 Mfc1    0.261123 0.000000 0.064089 0.430614 0.140360 
 Mfc2    0.256356 0.064089 0.000000 0.424258 0.143538 
 Compar  0.449153 0.430614 0.424258 0.000000 0.441208 
 Ppmz    0.253708 0.140360 0.143538 0.441208 0.000000 


