compatibilityTable_LtoL
          7Zip     Mfc1     Mfc2     Compar   Ppmz    
 7Zip    0.000000 4.072993 4.007299 7.131387 3.963504 
 Mfc1    4.072993 0.000000 0.934307 6.795620 2.189781 
 Mfc2    4.007299 0.934307 0.000000 6.715329 2.233577 
 Compar  7.131387 6.795620 6.715329 0.000000 6.956204 
 Ppmz    3.963504 2.189781 2.233577 6.956204 0.000000 


new_compatibilityTable_LtoL
          7Zip     Mfc1     Mfc2     Compar   Ppmz    
 7Zip    0.000000 0.254562 0.250456 0.445712 0.247719 
 Mfc1    0.254562 0.000000 0.058394 0.424726 0.136861 
 Mfc2    0.250456 0.058394 0.000000 0.419708 0.139599 
 Compar  0.445712 0.424726 0.419708 0.000000 0.434763 
 Ppmz    0.247719 0.136861 0.139599 0.434763 0.000000 


