compatibilityTable_LtoL
          7Zip     Mfc1     Mfc2     Compar   Ppmz    
 7Zip    0.000000 3.454545 2.545455 6.090909 2.000000 
 Mfc1    3.454545 0.000000 1.090909 5.363636 2.181818 
 Mfc2    2.545455 1.090909 0.000000 5.909091 1.272727 
 Compar  6.090909 5.363636 5.909091 0.000000 6.272727 
 Ppmz    2.000000 2.181818 1.272727 6.272727 0.000000 


new_compatibilityTable_LtoL
          7Zip     Mfc1     Mfc2     Compar   Ppmz    
 7Zip    0.000000 0.215909 0.159091 0.380682 0.125000 
 Mfc1    0.215909 0.000000 0.068182 0.335227 0.136364 
 Mfc2    0.159091 0.068182 0.000000 0.369318 0.079545 
 Compar  0.380682 0.335227 0.369318 0.000000 0.392045 
 Ppmz    0.125000 0.136364 0.079545 0.392045 0.000000 


