compatibilityTable_LtoL
          7Zip     Mfc1     Mfc2     Compar   Ppmz    
 7Zip    0.000000 4.098940 4.028268 7.070672 3.964664 
 Mfc1    4.098940 0.000000 0.918728 6.795053 2.176678 
 Mfc2    4.028268 0.918728 0.000000 6.710248 2.212014 
 Compar  7.070672 6.795053 6.710248 0.000000 6.936396 
 Ppmz    3.964664 2.176678 2.212014 6.936396 0.000000 


new_compatibilityTable_LtoL
          7Zip     Mfc1     Mfc2     Compar   Ppmz    
 7Zip    0.000000 0.256184 0.251767 0.441917 0.247792 
 Mfc1    0.256184 0.000000 0.057420 0.424691 0.136042 
 Mfc2    0.251767 0.057420 0.000000 0.419390 0.138251 
 Compar  0.441917 0.424691 0.419390 0.000000 0.433525 
 Ppmz    0.247792 0.136042 0.138251 0.433525 0.000000 


