compatibilityTable_LtoL
          7Zip     Mfc1     Mfc2     Compar   Ppmz    
 7Zip    0.000000 4.035503 3.917160 6.952663 3.964497 
 Mfc1    4.035503 0.000000 0.958580 6.775148 2.307692 
 Mfc2    3.917160 0.958580 0.000000 6.656805 2.295858 
 Compar  6.952663 6.775148 6.656805 0.000000 6.952663 
 Ppmz    3.964497 2.307692 2.295858 6.952663 0.000000 


new_compatibilityTable_LtoL
          7Zip     Mfc1     Mfc2     Compar   Ppmz    
 7Zip    0.000000 0.252219 0.244822 0.434541 0.247781 
 Mfc1    0.252219 0.000000 0.059911 0.423447 0.144231 
 Mfc2    0.244822 0.059911 0.000000 0.416050 0.143491 
 Compar  0.434541 0.423447 0.416050 0.000000 0.434541 
 Ppmz    0.247781 0.144231 0.143491 0.434541 0.000000 


