compatibilityTable_LtoL
          7Zip     Mfc1     Mfc2     Compar   Ppmz    
 7Zip    0.000000 3.987952 3.891566 6.879518 3.939759 
 Mfc1    3.987952 0.000000 0.951807 6.674699 2.325301 
 Mfc2    3.891566 0.951807 0.000000 6.554217 2.337349 
 Compar  6.879518 6.674699 6.554217 0.000000 6.855422 
 Ppmz    3.939759 2.325301 2.337349 6.855422 0.000000 


new_compatibilityTable_LtoL
          7Zip     Mfc1     Mfc2     Compar   Ppmz    
 7Zip    0.000000 0.249247 0.243223 0.429970 0.246235 
 Mfc1    0.249247 0.000000 0.059488 0.417169 0.145331 
 Mfc2    0.243223 0.059488 0.000000 0.409639 0.146084 
 Compar  0.429970 0.417169 0.409639 0.000000 0.428464 
 Ppmz    0.246235 0.145331 0.146084 0.428464 0.000000 


