compatibilityTable_LtoL
          7Zip     Mfc1     Mfc2     Compar   Ppmz    
 7Zip    0.000000 4.072539 3.958549 7.020725 3.937824 
 Mfc1    4.072539 0.000000 0.922280 6.823834 2.259067 
 Mfc2    3.958549 0.922280 0.000000 6.678757 2.227979 
 Compar  7.020725 6.823834 6.678757 0.000000 6.958549 
 Ppmz    3.937824 2.259067 2.227979 6.958549 0.000000 


new_compatibilityTable_LtoL
          7Zip     Mfc1     Mfc2     Compar   Ppmz    
 7Zip    0.000000 0.254534 0.247409 0.438795 0.246114 
 Mfc1    0.254534 0.000000 0.057642 0.426490 0.141192 
 Mfc2    0.247409 0.057642 0.000000 0.417422 0.139249 
 Compar  0.438795 0.426490 0.417422 0.000000 0.434909 
 Ppmz    0.246114 0.141192 0.139249 0.434909 0.000000 


