compatibilityTable_LtoL
          7Zip     Mfc1     Mfc2     Compar   Ppmz    
 7Zip    0.000000 3.827338 3.769784 6.913669 3.755396 
 Mfc1    3.827338 0.000000 0.906475 6.683453 2.345324 
 Mfc2    3.769784 0.906475 0.000000 6.539568 2.273381 
 Compar  6.913669 6.683453 6.539568 0.000000 6.913669 
 Ppmz    3.755396 2.345324 2.273381 6.913669 0.000000 


new_compatibilityTable_LtoL
          7Zip     Mfc1     Mfc2     Compar   Ppmz    
 7Zip    0.000000 0.239209 0.235612 0.432104 0.234712 
 Mfc1    0.239209 0.000000 0.056655 0.417716 0.146583 
 Mfc2    0.235612 0.056655 0.000000 0.408723 0.142086 
 Compar  0.432104 0.417716 0.408723 0.000000 0.432104 
 Ppmz    0.234712 0.146583 0.142086 0.432104 0.000000 


