compatibilityTable_LtoL
          7Zip     Mfc1     Mfc2     Compar   Ppmz    
 7Zip    0.000000 3.901840 3.815951 6.840491 3.840491 
 Mfc1    3.901840 0.000000 0.932515 6.582822 2.343558 
 Mfc2    3.815951 0.932515 0.000000 6.472393 2.331288 
 Compar  6.840491 6.582822 6.472393 0.000000 6.754601 
 Ppmz    3.840491 2.343558 2.331288 6.754601 0.000000 


new_compatibilityTable_LtoL
          7Zip     Mfc1     Mfc2     Compar   Ppmz    
 7Zip    0.000000 0.243865 0.238497 0.427531 0.240031 
 Mfc1    0.243865 0.000000 0.058282 0.411426 0.146472 
 Mfc2    0.238497 0.058282 0.000000 0.404525 0.145706 
 Compar  0.427531 0.411426 0.404525 0.000000 0.422163 
 Ppmz    0.240031 0.146472 0.145706 0.422163 0.000000 


