compatibilityTable_LtoL
          7Zip     Mfc1     Mfc2     Compar   Ppmz    
 7Zip    0.000000 4.037879 3.969697 7.143939 3.924242 
 Mfc1    4.037879 0.000000 0.962121 6.772727 2.189394 
 Mfc2    3.969697 0.962121 0.000000 6.696970 2.234848 
 Compar  7.143939 6.772727 6.696970 0.000000 6.946970 
 Ppmz    3.924242 2.189394 2.234848 6.946970 0.000000 


new_compatibilityTable_LtoL
          7Zip     Mfc1     Mfc2     Compar   Ppmz    
 7Zip    0.000000 0.252367 0.248106 0.446496 0.245265 
 Mfc1    0.252367 0.000000 0.060133 0.423295 0.136837 
 Mfc2    0.248106 0.060133 0.000000 0.418561 0.139678 
 Compar  0.446496 0.423295 0.418561 0.000000 0.434186 
 Ppmz    0.245265 0.136837 0.139678 0.434186 0.000000 


