compatibilityTable_LtoL
          7Zip     Mfc1     Mfc2     Compar   Ppmz    
 7Zip    0.000000 3.811321 3.710692 6.811321 3.748428 
 Mfc1    3.811321 0.000000 0.930818 6.522013 2.352201 
 Mfc2    3.710692 0.930818 0.000000 6.408805 2.314466 
 Compar  6.811321 6.522013 6.408805 0.000000 6.710692 
 Ppmz    3.748428 2.352201 2.314466 6.710692 0.000000 


new_compatibilityTable_LtoL
          7Zip     Mfc1     Mfc2     Compar   Ppmz    
 7Zip    0.000000 0.238208 0.231918 0.425708 0.234277 
 Mfc1    0.238208 0.000000 0.058176 0.407626 0.147013 
 Mfc2    0.231918 0.058176 0.000000 0.400550 0.144654 
 Compar  0.425708 0.407626 0.400550 0.000000 0.419418 
 Ppmz    0.234277 0.147013 0.144654 0.419418 0.000000 


