compatibilityTable_LtoL
          7Zip     Mfc1     Mfc2     Compar   Ppmz    
 7Zip    0.000000 3.712121 3.651515 6.621212 3.651515 
 Mfc1    3.712121 0.000000 0.924242 6.393939 2.227273 
 Mfc2    3.651515 0.924242 0.000000 6.242424 2.166667 
 Compar  6.621212 6.393939 6.242424 0.000000 6.590909 
 Ppmz    3.651515 2.227273 2.166667 6.590909 0.000000 


new_compatibilityTable_LtoL
          7Zip     Mfc1     Mfc2     Compar   Ppmz    
 7Zip    0.000000 0.232008 0.228220 0.413826 0.228220 
 Mfc1    0.232008 0.000000 0.057765 0.399621 0.139205 
 Mfc2    0.228220 0.057765 0.000000 0.390152 0.135417 
 Compar  0.413826 0.399621 0.390152 0.000000 0.411932 
 Ppmz    0.228220 0.139205 0.135417 0.411932 0.000000 


