compatibilityTable_LtoL
          7Zip     Mfc1     Mfc2     Compar   Ppmz    
 7Zip    0.000000 3.796178 3.707006 6.808917 3.745223 
 Mfc1    3.796178 0.000000 0.917197 6.490446 2.343949 
 Mfc2    3.707006 0.917197 0.000000 6.388535 2.292994 
 Compar  6.808917 6.490446 6.388535 0.000000 6.681529 
 Ppmz    3.745223 2.343949 2.292994 6.681529 0.000000 


new_compatibilityTable_LtoL
          7Zip     Mfc1     Mfc2     Compar   Ppmz    
 7Zip    0.000000 0.237261 0.231688 0.425557 0.234076 
 Mfc1    0.237261 0.000000 0.057325 0.405653 0.146497 
 Mfc2    0.231688 0.057325 0.000000 0.399283 0.143312 
 Compar  0.425557 0.405653 0.399283 0.000000 0.417596 
 Ppmz    0.234076 0.146497 0.143312 0.417596 0.000000 


