compatibilityTable_LtoL
          7Zip     Mfc1     Mfc2     Compar   Ppmz    
 7Zip    0.000000 4.093190 4.021505 7.093190 3.978495 
 Mfc1    4.093190 0.000000 0.924731 6.806452 2.172043 
 Mfc2    4.021505 0.924731 0.000000 6.720430 2.207885 
 Compar  7.093190 6.806452 6.720430 0.000000 6.971326 
 Ppmz    3.978495 2.172043 2.207885 6.971326 0.000000 


new_compatibilityTable_LtoL
          7Zip     Mfc1     Mfc2     Compar   Ppmz    
 7Zip    0.000000 0.255824 0.251344 0.443324 0.248656 
 Mfc1    0.255824 0.000000 0.057796 0.425403 0.135753 
 Mfc2    0.251344 0.057796 0.000000 0.420027 0.137993 
 Compar  0.443324 0.425403 0.420027 0.000000 0.435708 
 Ppmz    0.248656 0.135753 0.137993 0.435708 0.000000 


