compatibilityTable_LtoL
          7Zip     Mfc1     Mfc2     Compar   Ppmz    
 7Zip    0.000000 3.793103 3.682759 6.806897 3.710345 
 Mfc1    3.793103 0.000000 0.951724 6.544827 2.317241 
 Mfc2    3.682759 0.951724 0.000000 6.448276 2.275862 
 Compar  6.806897 6.544827 6.448276 0.000000 6.751724 
 Ppmz    3.710345 2.317241 2.275862 6.751724 0.000000 


new_compatibilityTable_LtoL
          7Zip     Mfc1     Mfc2     Compar   Ppmz    
 7Zip    0.000000 0.237069 0.230172 0.425431 0.231897 
 Mfc1    0.237069 0.000000 0.059483 0.409052 0.144828 
 Mfc2    0.230172 0.059483 0.000000 0.403017 0.142241 
 Compar  0.425431 0.409052 0.403017 0.000000 0.421983 
 Ppmz    0.231897 0.144828 0.142241 0.421983 0.000000 


