compatibilityTable_LtoL
          7Zip     Mfc1     Mfc2     Compar   Ppmz    
 7Zip    0.000000 3.625000 3.000000 6.375000 2.625000 
 Mfc1    3.625000 0.000000 0.750000 4.875000 2.250000 
 Mfc2    3.000000 0.750000 0.000000 5.250000 1.625000 
 Compar  6.375000 4.875000 5.250000 0.000000 6.000000 
 Ppmz    2.625000 2.250000 1.625000 6.000000 0.000000 


new_compatibilityTable_LtoL
          7Zip     Mfc1     Mfc2     Compar   Ppmz    
 7Zip    0.000000 0.226562 0.187500 0.398438 0.164062 
 Mfc1    0.226562 0.000000 0.046875 0.304688 0.140625 
 Mfc2    0.187500 0.046875 0.000000 0.328125 0.101562 
 Compar  0.398438 0.304688 0.328125 0.000000 0.375000 
 Ppmz    0.164062 0.140625 0.101562 0.375000 0.000000 


