compatibilityTable_LtoL
          7Zip     Mfc1     Mfc2     Compar   Ppmz    
 7Zip    0.000000 3.762712 3.661017 6.661017 3.661017 
 Mfc1    3.762712 0.000000 0.830508 6.423729 2.237288 
 Mfc2    3.661017 0.830508 0.000000 6.305085 2.169492 
 Compar  6.661017 6.423729 6.305085 0.000000 6.627119 
 Ppmz    3.661017 2.237288 2.169492 6.627119 0.000000 


new_compatibilityTable_LtoL
          7Zip     Mfc1     Mfc2     Compar   Ppmz    
 7Zip    0.000000 0.235169 0.228814 0.416314 0.228814 
 Mfc1    0.235169 0.000000 0.051907 0.401483 0.139831 
 Mfc2    0.228814 0.051907 0.000000 0.394068 0.135593 
 Compar  0.416314 0.401483 0.394068 0.000000 0.414195 
 Ppmz    0.228814 0.139831 0.135593 0.414195 0.000000 


