compatibilityTable_LtoL
          7Zip     Mfc1     Mfc2     Compar   Ppmz    
 7Zip    0.000000 3.653846 3.576923 6.634615 3.519231 
 Mfc1    3.653846 0.000000 0.769231 6.307693 2.192308 
 Mfc2    3.576923 0.769231 0.000000 6.250000 2.173077 
 Compar  6.634615 6.307693 6.250000 0.000000 6.576923 
 Ppmz    3.519231 2.192308 2.173077 6.576923 0.000000 


new_compatibilityTable_LtoL
          7Zip     Mfc1     Mfc2     Compar   Ppmz    
 7Zip    0.000000 0.228365 0.223558 0.414663 0.219952 
 Mfc1    0.228365 0.000000 0.048077 0.394231 0.137019 
 Mfc2    0.223558 0.048077 0.000000 0.390625 0.135817 
 Compar  0.414663 0.394231 0.390625 0.000000 0.411058 
 Ppmz    0.219952 0.137019 0.135817 0.411058 0.000000 


