compatibilityTable_LtoL
          7Zip     Mfc1     Mfc2     Compar   Ppmz    
 7Zip    0.000000 3.649485 3.505155 6.567010 3.546392 
 Mfc1    3.649485 0.000000 0.742268 6.278350 2.103093 
 Mfc2    3.505155 0.742268 0.000000 6.278350 2.041237 
 Compar  6.567010 6.278350 6.278350 0.000000 6.505155 
 Ppmz    3.546392 2.103093 2.041237 6.505155 0.000000 


new_compatibilityTable_LtoL
          7Zip     Mfc1     Mfc2     Compar   Ppmz    
 7Zip    0.000000 0.228093 0.219072 0.410438 0.221649 
 Mfc1    0.228093 0.000000 0.046392 0.392397 0.131443 
 Mfc2    0.219072 0.046392 0.000000 0.392397 0.127577 
 Compar  0.410438 0.392397 0.392397 0.000000 0.406572 
 Ppmz    0.221649 0.131443 0.127577 0.406572 0.000000 


