compatibilityTable_LtoL
          7Zip     Mfc1     Mfc2     Compar   Ppmz    
 7Zip    0.000000 3.682243 3.607477 6.626168 3.570093 
 Mfc1    3.682243 0.000000 0.747664 6.345794 2.149533 
 Mfc2    3.607477 0.747664 0.000000 6.289720 2.130841 
 Compar  6.626168 6.345794 6.289720 0.000000 6.607477 
 Ppmz    3.570093 2.149533 2.130841 6.607477 0.000000 


new_compatibilityTable_LtoL
          7Zip     Mfc1     Mfc2     Compar   Ppmz    
 7Zip    0.000000 0.230140 0.225467 0.414136 0.223131 
 Mfc1    0.230140 0.000000 0.046729 0.396612 0.134346 
 Mfc2    0.225467 0.046729 0.000000 0.393107 0.133178 
 Compar  0.414136 0.396612 0.393107 0.000000 0.412967 
 Ppmz    0.223131 0.134346 0.133178 0.412967 0.000000 


