compatibilityTable_LtoL
          7Zip     Mfc1     Mfc2     Compar   Ppmz    
 7Zip    0.000000 4.000000 3.473684 6.578948 2.947368 
 Mfc1    4.000000 0.000000 0.631579 5.421052 2.421053 
 Mfc2    3.473684 0.631579 0.000000 5.736842 1.894737 
 Compar  6.578948 5.421052 5.736842 0.000000 6.368421 
 Ppmz    2.947368 2.421053 1.894737 6.368421 0.000000 


new_compatibilityTable_LtoL
          7Zip     Mfc1     Mfc2     Compar   Ppmz    
 7Zip    0.000000 0.250000 0.217105 0.411184 0.184211 
 Mfc1    0.250000 0.000000 0.039474 0.338816 0.151316 
 Mfc2    0.217105 0.039474 0.000000 0.358553 0.118421 
 Compar  0.411184 0.338816 0.358553 0.000000 0.398026 
 Ppmz    0.184211 0.151316 0.118421 0.398026 0.000000 


