compatibilityTable_LtoL
          7Zip     Mfc1     Mfc2     Compar   Ppmz    
 7Zip    0.000000 4.131488 4.076125 7.055363 3.972318 
 Mfc1    4.131488 0.000000 0.913495 6.792387 2.207613 
 Mfc2    4.076125 0.913495 0.000000 6.695502 2.242214 
 Compar  7.055363 6.792387 6.695502 0.000000 6.916955 
 Ppmz    3.972318 2.207613 2.242214 6.916955 0.000000 


new_compatibilityTable_LtoL
          7Zip     Mfc1     Mfc2     Compar   Ppmz    
 7Zip    0.000000 0.258218 0.254758 0.440960 0.248270 
 Mfc1    0.258218 0.000000 0.057093 0.424524 0.137976 
 Mfc2    0.254758 0.057093 0.000000 0.418469 0.140138 
 Compar  0.440960 0.424524 0.418469 0.000000 0.432310 
 Ppmz    0.248270 0.137976 0.140138 0.432310 0.000000 


