compatibilityTable_LtoL
          7Zip     Mfc1     Mfc2     Compar   Ppmz    
 7Zip    0.000000 3.679245 3.603774 6.641510 3.566038 
 Mfc1    3.679245 0.000000 0.754717 6.339622 2.169811 
 Mfc2    3.603774 0.754717 0.000000 6.283019 2.150943 
 Compar  6.641510 6.339622 6.283019 0.000000 6.603774 
 Ppmz    3.566038 2.169811 2.150943 6.603774 0.000000 


new_compatibilityTable_LtoL
          7Zip     Mfc1     Mfc2     Compar   Ppmz    
 7Zip    0.000000 0.229953 0.225236 0.415094 0.222877 
 Mfc1    0.229953 0.000000 0.047170 0.396226 0.135613 
 Mfc2    0.225236 0.047170 0.000000 0.392689 0.134434 
 Compar  0.415094 0.396226 0.392689 0.000000 0.412736 
 Ppmz    0.222877 0.135613 0.134434 0.412736 0.000000 


