compatibilityTable_LtoL
          7Zip     Mfc1     Mfc2     Compar   Ppmz    
 7Zip    0.000000 4.180257 4.103004 7.154506 4.068669 
 Mfc1    4.180257 0.000000 1.038627 6.871244 2.248927 
 Mfc2    4.103004 1.038627 0.000000 6.768240 2.300429 
 Compar  7.154506 6.871244 6.768240 0.000000 7.034335 
 Ppmz    4.068669 2.248927 2.300429 7.034335 0.000000 


new_compatibilityTable_LtoL
          7Zip     Mfc1     Mfc2     Compar   Ppmz    
 7Zip    0.000000 0.261266 0.256438 0.447157 0.254292 
 Mfc1    0.261266 0.000000 0.064914 0.429453 0.140558 
 Mfc2    0.256438 0.064914 0.000000 0.423015 0.143777 
 Compar  0.447157 0.429453 0.423015 0.000000 0.439646 
 Ppmz    0.254292 0.140558 0.143777 0.439646 0.000000 


