compatibilityTable_LtoL
          7Zip     Mfc1     Mfc2     Compar   Ppmz    
 7Zip    0.000000 3.166667 2.333333 5.833333 1.833333 
 Mfc1    3.166667 0.000000 1.000000 5.166667 2.000000 
 Mfc2    2.333333 1.000000 0.000000 5.666667 1.166667 
 Compar  5.833333 5.166667 5.666667 0.000000 6.000000 
 Ppmz    1.833333 2.000000 1.166667 6.000000 0.000000 


new_compatibilityTable_LtoL
          7Zip     Mfc1     Mfc2     Compar   Ppmz    
 7Zip    0.000000 0.197917 0.145833 0.364583 0.114583 
 Mfc1    0.197917 0.000000 0.062500 0.322917 0.125000 
 Mfc2    0.145833 0.062500 0.000000 0.354167 0.072917 
 Compar  0.364583 0.322917 0.354167 0.000000 0.375000 
 Ppmz    0.114583 0.125000 0.072917 0.375000 0.000000 


