compatibilityTable_LtoL
          7Zip     Mfc1     Mfc2     Compar   Ppmz    
 7Zip    0.000000 4.073394 3.981651 7.091743 3.972477 
 Mfc1    4.073394 0.000000 0.880734 6.880734 2.220183 
 Mfc2    3.981651 0.880734 0.000000 6.733945 2.201835 
 Compar  7.091743 6.880734 6.733945 0.000000 7.055046 
 Ppmz    3.972477 2.220183 2.201835 7.055046 0.000000 


new_compatibilityTable_LtoL
          7Zip     Mfc1     Mfc2     Compar   Ppmz    
 7Zip    0.000000 0.254587 0.248853 0.443234 0.248280 
 Mfc1    0.254587 0.000000 0.055046 0.430046 0.138761 
 Mfc2    0.248853 0.055046 0.000000 0.420872 0.137615 
 Compar  0.443234 0.430046 0.420872 0.000000 0.440940 
 Ppmz    0.248280 0.138761 0.137615 0.440940 0.000000 


