compatibilityTable_LtoL
          7Zip     Mfc1     Mfc2     Compar   Ppmz    
 7Zip    0.000000 3.533333 3.433333 5.666667 3.066667 
 Mfc1    3.533333 0.000000 0.733333 5.166667 1.866667 
 Mfc2    3.433333 0.733333 0.000000 5.233333 1.633333 
 Compar  5.666667 5.166667 5.233333 0.000000 5.500000 
 Ppmz    3.066667 1.866667 1.633333 5.500000 0.000000 


new_compatibilityTable_LtoL
          7Zip     Mfc1     Mfc2     Compar   Ppmz    
 7Zip    0.000000 0.220833 0.214583 0.354167 0.191667 
 Mfc1    0.220833 0.000000 0.045833 0.322917 0.116667 
 Mfc2    0.214583 0.045833 0.000000 0.327083 0.102083 
 Compar  0.354167 0.322917 0.327083 0.000000 0.343750 
 Ppmz    0.191667 0.116667 0.102083 0.343750 0.000000 


