compatibilityTable_LtoL
          7Zip     Mfc1     Mfc2     Compar   Ppmz    
 7Zip    0.000000 3.538461 2.769231 6.384615 2.307692 
 Mfc1    3.538461 0.000000 0.923077 5.307693 2.307692 
 Mfc2    2.769231 0.923077 0.000000 5.769231 1.538462 
 Compar  6.384615 5.307693 5.769231 0.000000 6.230769 
 Ppmz    2.307692 2.307692 1.538462 6.230769 0.000000 


new_compatibilityTable_LtoL
          7Zip     Mfc1     Mfc2     Compar   Ppmz    
 7Zip    0.000000 0.221154 0.173077 0.399038 0.144231 
 Mfc1    0.221154 0.000000 0.057692 0.331731 0.144231 
 Mfc2    0.173077 0.057692 0.000000 0.360577 0.096154 
 Compar  0.399038 0.331731 0.360577 0.000000 0.389423 
 Ppmz    0.144231 0.144231 0.096154 0.389423 0.000000 


