compatibilityTable_LtoL
          7Zip     Mfc1     Mfc2     Compar   Ppmz    
 7Zip    0.000000 3.728395 3.580247 6.234568 3.506173 
 Mfc1    3.728395 0.000000 0.814815 5.839506 2.123457 
 Mfc2    3.580247 0.814815 0.000000 5.864198 2.024691 
 Compar  6.234568 5.839506 5.864198 0.000000 6.037037 
 Ppmz    3.506173 2.123457 2.024691 6.037037 0.000000 


new_compatibilityTable_LtoL
          7Zip     Mfc1     Mfc2     Compar   Ppmz    
 7Zip    0.000000 0.233025 0.223765 0.389661 0.219136 
 Mfc1    0.233025 0.000000 0.050926 0.364969 0.132716 
 Mfc2    0.223765 0.050926 0.000000 0.366512 0.126543 
 Compar  0.389661 0.364969 0.366512 0.000000 0.377315 
 Ppmz    0.219136 0.132716 0.126543 0.377315 0.000000 


