compatibilityTable_LtoL
          7Zip     Mfc1     Mfc2     Compar   Ppmz    
 7Zip    0.000000 3.623762 3.485148 6.564356 3.544554 
 Mfc1    3.623762 0.000000 0.712871 6.247525 2.079208 
 Mfc2    3.485148 0.712871 0.000000 6.247525 2.019802 
 Compar  6.564356 6.247525 6.247525 0.000000 6.485148 
 Ppmz    3.544554 2.079208 2.019802 6.485148 0.000000 


new_compatibilityTable_LtoL
          7Zip     Mfc1     Mfc2     Compar   Ppmz    
 7Zip    0.000000 0.226485 0.217822 0.410272 0.221535 
 Mfc1    0.226485 0.000000 0.044554 0.390470 0.129950 
 Mfc2    0.217822 0.044554 0.000000 0.390470 0.126238 
 Compar  0.410272 0.390470 0.390470 0.000000 0.405322 
 Ppmz    0.221535 0.129950 0.126238 0.405322 0.000000 


