compatibilityTable_LtoL
          7Zip     Mfc1     Mfc2     Compar   Ppmz    
 7Zip    0.000000 4.026786 3.937500 7.008929 3.937500 
 Mfc1    4.026786 0.000000 0.866071 6.794643 2.169643 
 Mfc2    3.937500 0.866071 0.000000 6.660714 2.160714 
 Compar  7.008929 6.794643 6.660714 0.000000 6.955357 
 Ppmz    3.937500 2.169643 2.160714 6.955357 0.000000 


new_compatibilityTable_LtoL
          7Zip     Mfc1     Mfc2     Compar   Ppmz    
 7Zip    0.000000 0.251674 0.246094 0.438058 0.246094 
 Mfc1    0.251674 0.000000 0.054129 0.424665 0.135603 
 Mfc2    0.246094 0.054129 0.000000 0.416295 0.135045 
 Compar  0.438058 0.424665 0.416295 0.000000 0.434710 
 Ppmz    0.246094 0.135603 0.135045 0.434710 0.000000 


