compatibilityTable_LtoL
          7Zip     Mfc1     Mfc2     Compar   Ppmz    
 7Zip    0.000000 3.810811 3.716216 6.797297 3.729730 
 Mfc1    3.810811 0.000000 0.945946 6.500000 2.337838 
 Mfc2    3.716216 0.945946 0.000000 6.391892 2.283784 
 Compar  6.797297 6.500000 6.391892 0.000000 6.689189 
 Ppmz    3.729730 2.337838 2.283784 6.689189 0.000000 


new_compatibilityTable_LtoL
          7Zip     Mfc1     Mfc2     Compar   Ppmz    
 7Zip    0.000000 0.238176 0.232264 0.424831 0.233108 
 Mfc1    0.238176 0.000000 0.059122 0.406250 0.146115 
 Mfc2    0.232264 0.059122 0.000000 0.399493 0.142736 
 Compar  0.424831 0.406250 0.399493 0.000000 0.418074 
 Ppmz    0.233108 0.146115 0.142736 0.418074 0.000000 


