compatibilityTable_LtoL
          7Zip     Mfc1     Mfc2     Compar   Ppmz    
 7Zip    0.000000 3.680000 3.560000 5.720000 3.160000 
 Mfc1    3.680000 0.000000 0.880000 5.240000 2.120000 
 Mfc2    3.560000 0.880000 0.000000 5.320000 1.840000 
 Compar  5.720000 5.240000 5.320000 0.000000 5.680000 
 Ppmz    3.160000 2.120000 1.840000 5.680000 0.000000 


new_compatibilityTable_LtoL
          7Zip     Mfc1     Mfc2     Compar   Ppmz    
 7Zip    0.000000 0.230000 0.222500 0.357500 0.197500 
 Mfc1    0.230000 0.000000 0.055000 0.327500 0.132500 
 Mfc2    0.222500 0.055000 0.000000 0.332500 0.115000 
 Compar  0.357500 0.327500 0.332500 0.000000 0.355000 
 Ppmz    0.197500 0.132500 0.115000 0.355000 0.000000 


