compatibilityTable_LtoL
          7Zip     Mfc1     Mfc2     Compar   Ppmz    
 7Zip    0.000000 3.571429 3.464286 5.571429 3.071429 
 Mfc1    3.571429 0.000000 0.785714 5.178571 1.928571 
 Mfc2    3.464286 0.785714 0.000000 5.250000 1.678571 
 Compar  5.571429 5.178571 5.250000 0.000000 5.571429 
 Ppmz    3.071429 1.928571 1.678571 5.571429 0.000000 


new_compatibilityTable_LtoL
          7Zip     Mfc1     Mfc2     Compar   Ppmz    
 7Zip    0.000000 0.223214 0.216518 0.348214 0.191964 
 Mfc1    0.223214 0.000000 0.049107 0.323661 0.120536 
 Mfc2    0.216518 0.049107 0.000000 0.328125 0.104911 
 Compar  0.348214 0.323661 0.328125 0.000000 0.348214 
 Ppmz    0.191964 0.120536 0.104911 0.348214 0.000000 


