compatibilityTable_LtoL
          7Zip     Mfc1     Mfc2     Compar   Ppmz    
 7Zip    0.000000 4.144578 4.072289 7.224900 4.032128 
 Mfc1    4.144578 0.000000 1.020080 6.903615 2.257028 
 Mfc2    4.072289 1.020080 0.000000 6.823293 2.305221 
 Compar  7.224900 6.903615 6.823293 0.000000 7.056225 
 Ppmz    4.032128 2.257028 2.305221 7.056225 0.000000 


new_compatibilityTable_LtoL
          7Zip     Mfc1     Mfc2     Compar   Ppmz    
 7Zip    0.000000 0.259036 0.254518 0.451556 0.252008 
 Mfc1    0.259036 0.000000 0.063755 0.431476 0.141064 
 Mfc2    0.254518 0.063755 0.000000 0.426456 0.144076 
 Compar  0.451556 0.431476 0.426456 0.000000 0.441014 
 Ppmz    0.252008 0.141064 0.144076 0.441014 0.000000 


