compatibilityTable_LtoL
          7Zip     Mfc1     Mfc2     Compar   Ppmz    
 7Zip    0.000000 4.087273 4.021818 7.123636 3.978182 
 Mfc1    4.087273 0.000000 0.930909 6.810909 2.181818 
 Mfc2    4.021818 0.930909 0.000000 6.730909 2.225455 
 Compar  7.123636 6.810909 6.730909 0.000000 6.970909 
 Ppmz    3.978182 2.181818 2.225455 6.970909 0.000000 


new_compatibilityTable_LtoL
          7Zip     Mfc1     Mfc2     Compar   Ppmz    
 7Zip    0.000000 0.255455 0.251364 0.445227 0.248636 
 Mfc1    0.255455 0.000000 0.058182 0.425682 0.136364 
 Mfc2    0.251364 0.058182 0.000000 0.420682 0.139091 
 Compar  0.445227 0.425682 0.420682 0.000000 0.435682 
 Ppmz    0.248636 0.136364 0.139091 0.435682 0.000000 


