compatibilityTable_LtoL
          7Zip     Mfc1     Mfc2     Compar   Ppmz    
 7Zip    0.000000 4.115523 4.043321 7.122744 4.000000 
 Mfc1    4.115523 0.000000 0.931408 6.841155 2.173285 
 Mfc2    4.043321 0.931408 0.000000 6.754513 2.209386 
 Compar  7.122744 6.841155 6.754513 0.000000 6.992780 
 Ppmz    4.000000 2.173285 2.209386 6.992780 0.000000 


new_compatibilityTable_LtoL
          7Zip     Mfc1     Mfc2     Compar   Ppmz    
 7Zip    0.000000 0.257220 0.252708 0.445171 0.250000 
 Mfc1    0.257220 0.000000 0.058213 0.427572 0.135830 
 Mfc2    0.252708 0.058213 0.000000 0.422157 0.138087 
 Compar  0.445171 0.427572 0.422157 0.000000 0.437049 
 Ppmz    0.250000 0.135830 0.138087 0.437049 0.000000 


