compatibilityTable_LtoL
          7Zip     Mfc1     Mfc2     Compar   Ppmz    
 7Zip    0.000000 4.112676 4.000000 7.084507 4.000000 
 Mfc1    4.112676 0.000000 0.882629 6.887324 2.244132 
 Mfc2    4.000000 0.882629 0.000000 6.746479 2.206573 
 Compar  7.084507 6.887324 6.746479 0.000000 7.075118 
 Ppmz    4.000000 2.244132 2.206573 7.075118 0.000000 


new_compatibilityTable_LtoL
          7Zip     Mfc1     Mfc2     Compar   Ppmz    
 7Zip    0.000000 0.257042 0.250000 0.442782 0.250000 
 Mfc1    0.257042 0.000000 0.055164 0.430458 0.140258 
 Mfc2    0.250000 0.055164 0.000000 0.421655 0.137911 
 Compar  0.442782 0.430458 0.421655 0.000000 0.442195 
 Ppmz    0.250000 0.140258 0.137911 0.442195 0.000000 


