compatibilityTable_LtoL
          7Zip     Mfc1     Mfc2     Compar   Ppmz    
 7Zip    0.000000 4.052044 3.985130 7.104089 3.925651 
 Mfc1    4.052044 0.000000 0.951673 6.732342 2.163569 
 Mfc2    3.985130 0.951673 0.000000 6.650558 2.208179 
 Compar  7.104089 6.732342 6.650558 0.000000 6.903346 
 Ppmz    3.925651 2.163569 2.208179 6.903346 0.000000 


new_compatibilityTable_LtoL
          7Zip     Mfc1     Mfc2     Compar   Ppmz    
 7Zip    0.000000 0.253253 0.249071 0.444006 0.245353 
 Mfc1    0.253253 0.000000 0.059480 0.420771 0.135223 
 Mfc2    0.249071 0.059480 0.000000 0.415660 0.138011 
 Compar  0.444006 0.420771 0.415660 0.000000 0.431459 
 Ppmz    0.245353 0.135223 0.138011 0.431459 0.000000 


