compatibilityTable_LtoL
          7Zip     Mfc1     Mfc2     Compar   Ppmz    
 7Zip    0.000000 3.753846 3.692308 6.676923 3.692308 
 Mfc1    3.753846 0.000000 0.938462 6.461538 2.261539 
 Mfc2    3.692308 0.938462 0.000000 6.307693 2.200000 
 Compar  6.676923 6.461538 6.307693 0.000000 6.661539 
 Ppmz    3.692308 2.261539 2.200000 6.661539 0.000000 


new_compatibilityTable_LtoL
          7Zip     Mfc1     Mfc2     Compar   Ppmz    
 7Zip    0.000000 0.234615 0.230769 0.417308 0.230769 
 Mfc1    0.234615 0.000000 0.058654 0.403846 0.141346 
 Mfc2    0.230769 0.058654 0.000000 0.394231 0.137500 
 Compar  0.417308 0.403846 0.394231 0.000000 0.416346 
 Ppmz    0.230769 0.141346 0.137500 0.416346 0.000000 


