compatibilityTable_LtoL
          7Zip     Mfc1     Mfc2     Compar   Ppmz    
 7Zip    0.000000 4.082474 3.969072 7.020618 3.938144 
 Mfc1    4.082474 0.000000 0.917526 6.824742 2.278351 
 Mfc2    3.969072 0.917526 0.000000 6.680412 2.247423 
 Compar  7.020618 6.824742 6.680412 0.000000 6.969072 
 Ppmz    3.938144 2.278351 2.247423 6.969072 0.000000 


new_compatibilityTable_LtoL
          7Zip     Mfc1     Mfc2     Compar   Ppmz    
 7Zip    0.000000 0.255155 0.248067 0.438789 0.246134 
 Mfc1    0.255155 0.000000 0.057345 0.426546 0.142397 
 Mfc2    0.248067 0.057345 0.000000 0.417526 0.140464 
 Compar  0.438789 0.426546 0.417526 0.000000 0.435567 
 Ppmz    0.246134 0.142397 0.140464 0.435567 0.000000 


