compatibilityTable_LtoL
          7Zip     Mfc1     Mfc2     Compar   Ppmz    
 7Zip    0.000000 4.096257 3.978610 7.053476 3.967914 
 Mfc1    4.096257 0.000000 0.951872 6.850267 2.310160 
 Mfc2    3.978610 0.951872 0.000000 6.700535 2.278075 
 Compar  7.053476 6.850267 6.700535 0.000000 7.000000 
 Ppmz    3.967914 2.310160 2.278075 7.000000 0.000000 


new_compatibilityTable_LtoL
          7Zip     Mfc1     Mfc2     Compar   Ppmz    
 7Zip    0.000000 0.256016 0.248663 0.440842 0.247995 
 Mfc1    0.256016 0.000000 0.059492 0.428142 0.144385 
 Mfc2    0.248663 0.059492 0.000000 0.418783 0.142380 
 Compar  0.440842 0.428142 0.418783 0.000000 0.437500 
 Ppmz    0.247995 0.144385 0.142380 0.437500 0.000000 


