compatibilityTable_LtoL
          7Zip     Mfc1     Mfc2     Compar   Ppmz    
 7Zip    0.000000 3.764706 3.600000 6.435294 3.623529 
 Mfc1    3.764706 0.000000 0.800000 6.152941 2.164706 
 Mfc2    3.600000 0.800000 0.000000 6.176471 2.047059 
 Compar  6.435294 6.152941 6.176471 0.000000 6.364706 
 Ppmz    3.623529 2.164706 2.047059 6.364706 0.000000 


new_compatibilityTable_LtoL
          7Zip     Mfc1     Mfc2     Compar   Ppmz    
 7Zip    0.000000 0.235294 0.225000 0.402206 0.226471 
 Mfc1    0.235294 0.000000 0.050000 0.384559 0.135294 
 Mfc2    0.225000 0.050000 0.000000 0.386029 0.127941 
 Compar  0.402206 0.384559 0.386029 0.000000 0.397794 
 Ppmz    0.226471 0.135294 0.127941 0.397794 0.000000 


