compatibilityTable_LtoL
          7Zip     Mfc1     Mfc2     Compar   Ppmz    
 7Zip    0.000000 3.857143 3.714286 6.142857 3.380952 
 Mfc1    3.857143 0.000000 0.952381 5.333333 2.095238 
 Mfc2    3.714286 0.952381 0.000000 5.428571 1.761905 
 Compar  6.142857 5.333333 5.428571 0.000000 5.952381 
 Ppmz    3.380952 2.095238 1.761905 5.952381 0.000000 


new_compatibilityTable_LtoL
          7Zip     Mfc1     Mfc2     Compar   Ppmz    
 7Zip    0.000000 0.241071 0.232143 0.383929 0.211310 
 Mfc1    0.241071 0.000000 0.059524 0.333333 0.130952 
 Mfc2    0.232143 0.059524 0.000000 0.339286 0.110119 
 Compar  0.383929 0.333333 0.339286 0.000000 0.372024 
 Ppmz    0.211310 0.130952 0.110119 0.372024 0.000000 


