compatibilityTable_LtoL
          7Zip     Mfc1     Mfc2     Compar   Ppmz    
 7Zip    0.000000 4.094118 4.023530 7.196078 4.000000 
 Mfc1    4.094118 0.000000 0.996078 6.850980 2.219608 
 Mfc2    4.023530 0.996078 0.000000 6.772549 2.266667 
 Compar  7.196078 6.850980 6.772549 0.000000 7.015687 
 Ppmz    4.000000 2.219608 2.266667 7.015687 0.000000 


new_compatibilityTable_LtoL
          7Zip     Mfc1     Mfc2     Compar   Ppmz    
 7Zip    0.000000 0.255882 0.251471 0.449755 0.250000 
 Mfc1    0.255882 0.000000 0.062255 0.428186 0.138725 
 Mfc2    0.251471 0.062255 0.000000 0.423284 0.141667 
 Compar  0.449755 0.428186 0.423284 0.000000 0.438480 
 Ppmz    0.250000 0.138725 0.141667 0.438480 0.000000 


