compatibilityTable_LtoL
          7Zip     Mfc1     Mfc2     Compar   Ppmz    
 7Zip    0.000000 3.517241 3.413793 5.655172 3.068965 
 Mfc1    3.517241 0.000000 0.758621 5.206897 1.896552 
 Mfc2    3.413793 0.758621 0.000000 5.275862 1.655172 
 Compar  5.655172 5.206897 5.275862 0.000000 5.551724 
 Ppmz    3.068965 1.896552 1.655172 5.551724 0.000000 


new_compatibilityTable_LtoL
          7Zip     Mfc1     Mfc2     Compar   Ppmz    
 7Zip    0.000000 0.219828 0.213362 0.353448 0.191810 
 Mfc1    0.219828 0.000000 0.047414 0.325431 0.118534 
 Mfc2    0.213362 0.047414 0.000000 0.329741 0.103448 
 Compar  0.353448 0.325431 0.329741 0.000000 0.346983 
 Ppmz    0.191810 0.118534 0.103448 0.346983 0.000000 


