compatibilityTable_LtoL
          7Zip     Mfc1     Mfc2     Compar   Ppmz    
 7Zip    0.000000 3.542857 3.400000 5.714286 3.114286 
 Mfc1    3.542857 0.000000 0.685714 5.257143 1.971429 
 Mfc2    3.400000 0.685714 0.000000 5.285714 1.714286 
 Compar  5.714286 5.257143 5.285714 0.000000 5.514286 
 Ppmz    3.114286 1.971429 1.714286 5.514286 0.000000 


new_compatibilityTable_LtoL
          7Zip     Mfc1     Mfc2     Compar   Ppmz    
 7Zip    0.000000 0.221429 0.212500 0.357143 0.194643 
 Mfc1    0.221429 0.000000 0.042857 0.328571 0.123214 
 Mfc2    0.212500 0.042857 0.000000 0.330357 0.107143 
 Compar  0.357143 0.328571 0.330357 0.000000 0.344643 
 Ppmz    0.194643 0.123214 0.107143 0.344643 0.000000 


