compatibilityTable_LtoL
          7Zip     Mfc1     Mfc2     Compar   Ppmz    
 7Zip    0.000000 4.067340 4.026936 6.939394 3.925926 
 Mfc1    4.067340 0.000000 0.902357 6.730640 2.161616 
 Mfc2    4.026936 0.902357 0.000000 6.629630 2.195286 
 Compar  6.939394 6.730640 6.629630 0.000000 6.851852 
 Ppmz    3.925926 2.161616 2.195286 6.851852 0.000000 


new_compatibilityTable_LtoL
          7Zip     Mfc1     Mfc2     Compar   Ppmz    
 7Zip    0.000000 0.254209 0.251684 0.433712 0.245370 
 Mfc1    0.254209 0.000000 0.056397 0.420665 0.135101 
 Mfc2    0.251684 0.056397 0.000000 0.414352 0.137205 
 Compar  0.433712 0.420665 0.414352 0.000000 0.428241 
 Ppmz    0.245370 0.135101 0.137205 0.428241 0.000000 


