compatibilityTable_LtoL
          7Zip     Mfc1     Mfc2     Compar   Ppmz    
 7Zip    0.000000 4.043668 3.965065 6.991266 3.956332 
 Mfc1    4.043668 0.000000 0.925764 6.746725 2.192140 
 Mfc2    3.965065 0.925764 0.000000 6.624454 2.192140 
 Compar  6.991266 6.746725 6.624454 0.000000 6.903930 
 Ppmz    3.956332 2.192140 2.192140 6.903930 0.000000 


new_compatibilityTable_LtoL
          7Zip     Mfc1     Mfc2     Compar   Ppmz    
 7Zip    0.000000 0.252729 0.247817 0.436954 0.247271 
 Mfc1    0.252729 0.000000 0.057860 0.421670 0.137009 
 Mfc2    0.247817 0.057860 0.000000 0.414028 0.137009 
 Compar  0.436954 0.421670 0.414028 0.000000 0.431496 
 Ppmz    0.247271 0.137009 0.137009 0.431496 0.000000 


