compatibilityTable_LtoL
          7Zip     Mfc1     Mfc2     Compar   Ppmz    
 7Zip    0.000000 4.116838 4.068728 7.020618 3.958763 
 Mfc1    4.116838 0.000000 0.914089 6.773196 2.192440 
 Mfc2    4.068728 0.914089 0.000000 6.676976 2.233677 
 Compar  7.020618 6.773196 6.676976 0.000000 6.896907 
 Ppmz    3.958763 2.192440 2.233677 6.896907 0.000000 


new_compatibilityTable_LtoL
          7Zip     Mfc1     Mfc2     Compar   Ppmz    
 7Zip    0.000000 0.257302 0.254296 0.438789 0.247423 
 Mfc1    0.257302 0.000000 0.057131 0.423325 0.137027 
 Mfc2    0.254296 0.057131 0.000000 0.417311 0.139605 
 Compar  0.438789 0.423325 0.417311 0.000000 0.431057 
 Ppmz    0.247423 0.137027 0.139605 0.431057 0.000000 


