compatibilityTable_LtoL
          7Zip     Mfc1     Mfc2     Compar   Ppmz    
 7Zip    0.000000 3.790698 3.604651 6.395349 3.651163 
 Mfc1    3.790698 0.000000 0.813953 6.162791 2.162791 
 Mfc2    3.604651 0.813953 0.000000 6.162791 2.069767 
 Compar  6.395349 6.162791 6.162791 0.000000 6.372093 
 Ppmz    3.651163 2.162791 2.069767 6.372093 0.000000 


new_compatibilityTable_LtoL
          7Zip     Mfc1     Mfc2     Compar   Ppmz    
 7Zip    0.000000 0.236919 0.225291 0.399709 0.228198 
 Mfc1    0.236919 0.000000 0.050872 0.385174 0.135174 
 Mfc2    0.225291 0.050872 0.000000 0.385174 0.129360 
 Compar  0.399709 0.385174 0.385174 0.000000 0.398256 
 Ppmz    0.228198 0.135174 0.129360 0.398256 0.000000 


