compatibilityTable_LtoL
          7Zip     Mfc1     Mfc2     Compar   Ppmz    
 7Zip    0.000000 4.109453 4.000000 7.000000 3.980099 
 Mfc1    4.109453 0.000000 0.895522 6.830846 2.248756 
 Mfc2    4.000000 0.895522 0.000000 6.691542 2.218905 
 Compar  7.000000 6.830846 6.691542 0.000000 6.980100 
 Ppmz    3.980099 2.248756 2.218905 6.980100 0.000000 


new_compatibilityTable_LtoL
          7Zip     Mfc1     Mfc2     Compar   Ppmz    
 7Zip    0.000000 0.256841 0.250000 0.437500 0.248756 
 Mfc1    0.256841 0.000000 0.055970 0.426928 0.140547 
 Mfc2    0.250000 0.055970 0.000000 0.418221 0.138682 
 Compar  0.437500 0.426928 0.418221 0.000000 0.436256 
 Ppmz    0.248756 0.140547 0.138682 0.436256 0.000000 


