compatibilityTable_LtoL
          7Zip     Mfc1     Mfc2     Compar   Ppmz    
 7Zip    0.000000 3.479452 3.342466 5.821918 3.150685 
 Mfc1    3.479452 0.000000 0.657534 5.356164 1.972603 
 Mfc2    3.342466 0.657534 0.000000 5.383562 1.726027 
 Compar  5.821918 5.356164 5.383562 0.000000 5.602740 
 Ppmz    3.150685 1.972603 1.726027 5.602740 0.000000 


new_compatibilityTable_LtoL
          7Zip     Mfc1     Mfc2     Compar   Ppmz    
 7Zip    0.000000 0.217466 0.208904 0.363870 0.196918 
 Mfc1    0.217466 0.000000 0.041096 0.334760 0.123288 
 Mfc2    0.208904 0.041096 0.000000 0.336473 0.107877 
 Compar  0.363870 0.334760 0.336473 0.000000 0.350171 
 Ppmz    0.196918 0.123288 0.107877 0.350171 0.000000 


