compatibilityTable_LtoL
          7Zip     Mfc1     Mfc2     Compar   Ppmz    
 7Zip    0.000000 4.051852 3.985185 7.081481 3.918519 
 Mfc1    4.051852 0.000000 0.948148 6.725926 2.162963 
 Mfc2    3.985185 0.948148 0.000000 6.644444 2.207407 
 Compar  7.081481 6.725926 6.644444 0.000000 6.888889 
 Ppmz    3.918519 2.162963 2.207407 6.888889 0.000000 


new_compatibilityTable_LtoL
          7Zip     Mfc1     Mfc2     Compar   Ppmz    
 7Zip    0.000000 0.253241 0.249074 0.442593 0.244907 
 Mfc1    0.253241 0.000000 0.059259 0.420370 0.135185 
 Mfc2    0.249074 0.059259 0.000000 0.415278 0.137963 
 Compar  0.442593 0.420370 0.415278 0.000000 0.430556 
 Ppmz    0.244907 0.135185 0.137963 0.430556 0.000000 


