compatibilityTable_LtoL
          7Zip     Mfc1     Mfc2     Compar   Ppmz    
 7Zip    0.000000 3.507692 3.384615 5.584615 3.076923 
 Mfc1    3.507692 0.000000 0.707692 5.153846 1.907692 
 Mfc2    3.384615 0.707692 0.000000 5.184616 1.661538 
 Compar  5.584615 5.153846 5.184616 0.000000 5.461538 
 Ppmz    3.076923 1.907692 1.661538 5.461538 0.000000 


new_compatibilityTable_LtoL
          7Zip     Mfc1     Mfc2     Compar   Ppmz    
 7Zip    0.000000 0.219231 0.211538 0.349038 0.192308 
 Mfc1    0.219231 0.000000 0.044231 0.322115 0.119231 
 Mfc2    0.211538 0.044231 0.000000 0.324038 0.103846 
 Compar  0.349038 0.322115 0.324038 0.000000 0.341346 
 Ppmz    0.192308 0.119231 0.103846 0.341346 0.000000 


