compatibilityTable_LtoL
          7Zip     Mfc1     Mfc2     Compar   Ppmz    
 7Zip    0.000000 3.763158 3.671053 6.802631 3.697368 
 Mfc1    3.763158 0.000000 0.921053 6.500000 2.302632 
 Mfc2    3.671053 0.921053 0.000000 6.394737 2.250000 
 Compar  6.802631 6.500000 6.394737 0.000000 6.684210 
 Ppmz    3.697368 2.302632 2.250000 6.684210 0.000000 


new_compatibilityTable_LtoL
          7Zip     Mfc1     Mfc2     Compar   Ppmz    
 7Zip    0.000000 0.235197 0.229441 0.425164 0.231086 
 Mfc1    0.235197 0.000000 0.057566 0.406250 0.143914 
 Mfc2    0.229441 0.057566 0.000000 0.399671 0.140625 
 Compar  0.425164 0.406250 0.399671 0.000000 0.417763 
 Ppmz    0.231086 0.143914 0.140625 0.417763 0.000000 


