compatibilityTable_LtoL
          7Zip     Mfc1     Mfc2     Compar   Ppmz    
 7Zip    0.000000 3.744681 3.659575 5.765957 3.234043 
 Mfc1    3.744681 0.000000 0.893617 5.255319 2.127660 
 Mfc2    3.659575 0.893617 0.000000 5.382979 1.787234 
 Compar  5.765957 5.255319 5.382979 0.000000 5.723404 
 Ppmz    3.234043 2.127660 1.787234 5.723404 0.000000 


new_compatibilityTable_LtoL
          7Zip     Mfc1     Mfc2     Compar   Ppmz    
 7Zip    0.000000 0.234043 0.228723 0.360372 0.202128 
 Mfc1    0.234043 0.000000 0.055851 0.328457 0.132979 
 Mfc2    0.228723 0.055851 0.000000 0.336436 0.111702 
 Compar  0.360372 0.328457 0.336436 0.000000 0.357713 
 Ppmz    0.202128 0.132979 0.111702 0.357713 0.000000 


