compatibilityTable_LtoL
          7Zip     Mfc1     Mfc2     Compar   Ppmz    
 7Zip    0.000000 3.975758 3.878788 6.866667 3.915152 
 Mfc1    3.975758 0.000000 0.957576 6.648485 2.327273 
 Mfc2    3.878788 0.957576 0.000000 6.527273 2.339394 
 Compar  6.866667 6.648485 6.527273 0.000000 6.818182 
 Ppmz    3.915152 2.327273 2.339394 6.818182 0.000000 


new_compatibilityTable_LtoL
          7Zip     Mfc1     Mfc2     Compar   Ppmz    
 7Zip    0.000000 0.248485 0.242424 0.429167 0.244697 
 Mfc1    0.248485 0.000000 0.059848 0.415530 0.145455 
 Mfc2    0.242424 0.059848 0.000000 0.407955 0.146212 
 Compar  0.429167 0.415530 0.407955 0.000000 0.426136 
 Ppmz    0.244697 0.145455 0.146212 0.426136 0.000000 


