compatibilityTable_LtoL
          7Zip     Mfc1     Mfc2     Compar   Ppmz    
 7Zip    0.000000 4.073529 4.007353 7.117647 3.963235 
 Mfc1    4.073529 0.000000 0.941176 6.772059 2.205882 
 Mfc2    4.007353 0.941176 0.000000 6.691176 2.250000 
 Compar  7.117647 6.772059 6.691176 0.000000 6.933824 
 Ppmz    3.963235 2.205882 2.250000 6.933824 0.000000 


new_compatibilityTable_LtoL
          7Zip     Mfc1     Mfc2     Compar   Ppmz    
 7Zip    0.000000 0.254596 0.250460 0.444853 0.247702 
 Mfc1    0.254596 0.000000 0.058824 0.423254 0.137868 
 Mfc2    0.250460 0.058824 0.000000 0.418199 0.140625 
 Compar  0.444853 0.423254 0.418199 0.000000 0.433364 
 Ppmz    0.247702 0.137868 0.140625 0.433364 0.000000 


