compatibilityTable_LtoL
          7Zip     Mfc1     Mfc2     Compar   Ppmz    
 7Zip    0.000000 4.100000 4.000000 7.122222 4.055555 
 Mfc1    4.100000 0.000000 0.955556 6.900000 2.288889 
 Mfc2    4.000000 0.955556 0.000000 6.766667 2.277778 
 Compar  7.122222 6.900000 6.766667 0.000000 7.088889 
 Ppmz    4.055555 2.288889 2.277778 7.088889 0.000000 


new_compatibilityTable_LtoL
          7Zip     Mfc1     Mfc2     Compar   Ppmz    
 7Zip    0.000000 0.256250 0.250000 0.445139 0.253472 
 Mfc1    0.256250 0.000000 0.059722 0.431250 0.143056 
 Mfc2    0.250000 0.059722 0.000000 0.422917 0.142361 
 Compar  0.445139 0.431250 0.422917 0.000000 0.443056 
 Ppmz    0.253472 0.143056 0.142361 0.443056 0.000000 


