compatibilityTable_LtoL
          7Zip     Mfc1     Mfc2     Compar   Ppmz    
 7Zip    0.000000 4.123596 4.022472 7.168540 4.078652 
 Mfc1    4.123596 0.000000 0.955056 6.955056 2.314607 
 Mfc2    4.022472 0.955056 0.000000 6.831460 2.292135 
 Compar  7.168540 6.955056 6.831460 0.000000 7.146068 
 Ppmz    4.078652 2.314607 2.292135 7.146068 0.000000 


new_compatibilityTable_LtoL
          7Zip     Mfc1     Mfc2     Compar   Ppmz    
 7Zip    0.000000 0.257725 0.251404 0.448034 0.254916 
 Mfc1    0.257725 0.000000 0.059691 0.434691 0.144663 
 Mfc2    0.251404 0.059691 0.000000 0.426966 0.143258 
 Compar  0.448034 0.434691 0.426966 0.000000 0.446629 
 Ppmz    0.254916 0.144663 0.143258 0.446629 0.000000 


