compatibilityTable_LtoL
          7Zip     Mfc1     Mfc2     Compar   Ppmz    
 7Zip    0.000000 4.061539 3.948718 7.030769 3.948718 
 Mfc1    4.061539 0.000000 0.912821 6.835897 2.297436 
 Mfc2    3.948718 0.912821 0.000000 6.692307 2.266667 
 Compar  7.030769 6.835897 6.692307 0.000000 7.000000 
 Ppmz    3.948718 2.297436 2.266667 7.000000 0.000000 


new_compatibilityTable_LtoL
          7Zip     Mfc1     Mfc2     Compar   Ppmz    
 7Zip    0.000000 0.253846 0.246795 0.439423 0.246795 
 Mfc1    0.253846 0.000000 0.057051 0.427244 0.143590 
 Mfc2    0.246795 0.057051 0.000000 0.418269 0.141667 
 Compar  0.439423 0.427244 0.418269 0.000000 0.437500 
 Ppmz    0.246795 0.143590 0.141667 0.437500 0.000000 


