compatibilityTable_LtoL
          7Zip     Mfc1     Mfc2     Compar   Ppmz    
 7Zip    0.000000 3.991228 3.912281 6.947369 3.903509 
 Mfc1    3.991228 0.000000 0.859649 6.701755 2.131579 
 Mfc2    3.912281 0.859649 0.000000 6.578948 2.131579 
 Compar  6.947369 6.701755 6.578948 0.000000 6.859649 
 Ppmz    3.903509 2.131579 2.131579 6.859649 0.000000 


new_compatibilityTable_LtoL
          7Zip     Mfc1     Mfc2     Compar   Ppmz    
 7Zip    0.000000 0.249452 0.244518 0.434211 0.243969 
 Mfc1    0.249452 0.000000 0.053728 0.418860 0.133224 
 Mfc2    0.244518 0.053728 0.000000 0.411184 0.133224 
 Compar  0.434211 0.418860 0.411184 0.000000 0.428728 
 Ppmz    0.243969 0.133224 0.133224 0.428728 0.000000 


