compatibilityTable_LtoL
          7Zip     Mfc1     Mfc2     Compar   Ppmz    
 7Zip    0.000000 4.111111 3.833333 6.666667 3.500000 
 Mfc1    4.111111 0.000000 0.888889 5.833333 2.222222 
 Mfc2    3.833333 0.888889 0.000000 5.833333 1.722222 
 Compar  6.666667 5.833333 5.833333 0.000000 6.444445 
 Ppmz    3.500000 2.222222 1.722222 6.444445 0.000000 


new_compatibilityTable_LtoL
          7Zip     Mfc1     Mfc2     Compar   Ppmz    
 7Zip    0.000000 0.256944 0.239583 0.416667 0.218750 
 Mfc1    0.256944 0.000000 0.055556 0.364583 0.138889 
 Mfc2    0.239583 0.055556 0.000000 0.364583 0.107639 
 Compar  0.416667 0.364583 0.364583 0.000000 0.402778 
 Ppmz    0.218750 0.138889 0.107639 0.402778 0.000000 


