compatibilityTable_LtoL
          7Zip     Mfc1     Mfc2     Compar   Ppmz    
 7Zip    0.000000 3.830986 3.746479 6.845070 3.746479 
 Mfc1    3.830986 0.000000 0.929577 6.619718 2.338028 
 Mfc2    3.746479 0.929577 0.000000 6.478873 2.281690 
 Compar  6.845070 6.619718 6.478873 0.000000 6.830986 
 Ppmz    3.746479 2.338028 2.281690 6.830986 0.000000 


new_compatibilityTable_LtoL
          7Zip     Mfc1     Mfc2     Compar   Ppmz    
 7Zip    0.000000 0.239437 0.234155 0.427817 0.234155 
 Mfc1    0.239437 0.000000 0.058099 0.413732 0.146127 
 Mfc2    0.234155 0.058099 0.000000 0.404930 0.142606 
 Compar  0.427817 0.413732 0.404930 0.000000 0.426937 
 Ppmz    0.234155 0.146127 0.142606 0.426937 0.000000 


