compatibilityTable_LtoL
          7Zip     Mfc1     Mfc2     Compar   Ppmz    
 7Zip    0.000000 4.081218 3.969543 7.040609 3.959391 
 Mfc1    4.081218 0.000000 0.903553 6.847716 2.284264 
 Mfc2    3.969543 0.903553 0.000000 6.705584 2.253807 
 Compar  7.040609 6.847716 6.705584 0.000000 7.010152 
 Ppmz    3.959391 2.284264 2.253807 7.010152 0.000000 


new_compatibilityTable_LtoL
          7Zip     Mfc1     Mfc2     Compar   Ppmz    
 7Zip    0.000000 0.255076 0.248096 0.440038 0.247462 
 Mfc1    0.255076 0.000000 0.056472 0.427982 0.142766 
 Mfc2    0.248096 0.056472 0.000000 0.419099 0.140863 
 Compar  0.440038 0.427982 0.419099 0.000000 0.438135 
 Ppmz    0.247462 0.142766 0.140863 0.438135 0.000000 


