compatibilityTable_LtoL
          7Zip     Mfc1     Mfc2     Compar   Ppmz    
 7Zip    0.000000 3.816667 3.716667 6.700000 3.700000 
 Mfc1    3.816667 0.000000 0.816667 6.400000 2.216667 
 Mfc2    3.716667 0.816667 0.000000 6.283333 2.150000 
 Compar  6.700000 6.400000 6.283333 0.000000 6.616667 
 Ppmz    3.700000 2.216667 2.150000 6.616667 0.000000 


new_compatibilityTable_LtoL
          7Zip     Mfc1     Mfc2     Compar   Ppmz    
 7Zip    0.000000 0.238542 0.232292 0.418750 0.231250 
 Mfc1    0.238542 0.000000 0.051042 0.400000 0.138542 
 Mfc2    0.232292 0.051042 0.000000 0.392708 0.134375 
 Compar  0.418750 0.400000 0.392708 0.000000 0.413542 
 Ppmz    0.231250 0.138542 0.134375 0.413542 0.000000 


