compatibilityTable_LtoL
          7Zip     Mfc1     Mfc2     Compar   Ppmz    
 7Zip    0.000000 3.773333 3.680000 6.733333 3.693333 
 Mfc1    3.773333 0.000000 0.933333 6.426667 2.306667 
 Mfc2    3.680000 0.933333 0.000000 6.320000 2.253333 
 Compar  6.733333 6.426667 6.320000 0.000000 6.613333 
 Ppmz    3.693333 2.306667 2.253333 6.613333 0.000000 


new_compatibilityTable_LtoL
          7Zip     Mfc1     Mfc2     Compar   Ppmz    
 7Zip    0.000000 0.235833 0.230000 0.420833 0.230833 
 Mfc1    0.235833 0.000000 0.058333 0.401667 0.144167 
 Mfc2    0.230000 0.058333 0.000000 0.395000 0.140833 
 Compar  0.420833 0.401667 0.395000 0.000000 0.413333 
 Ppmz    0.230833 0.144167 0.140833 0.413333 0.000000 


