compatibilityTable_LtoL
          7Zip     Mfc1     Mfc2     Compar   Ppmz    
 7Zip    0.000000 3.818182 3.702479 6.719008 3.735537 
 Mfc1    3.818182 0.000000 0.826446 6.438016 2.231405 
 Mfc2    3.702479 0.826446 0.000000 6.322314 2.181818 
 Compar  6.719008 6.438016 6.322314 0.000000 6.669422 
 Ppmz    3.735537 2.231405 2.181818 6.669422 0.000000 


new_compatibilityTable_LtoL
          7Zip     Mfc1     Mfc2     Compar   Ppmz    
 7Zip    0.000000 0.238636 0.231405 0.419938 0.233471 
 Mfc1    0.238636 0.000000 0.051653 0.402376 0.139463 
 Mfc2    0.231405 0.051653 0.000000 0.395145 0.136364 
 Compar  0.419938 0.402376 0.395145 0.000000 0.416839 
 Ppmz    0.233471 0.139463 0.136364 0.416839 0.000000 


