compatibilityTable_LtoL
          7Zip     Mfc1     Mfc2     Compar   Ppmz    
 7Zip    0.000000 3.951220 3.804878 6.268293 3.463415 
 Mfc1    3.951220 0.000000 0.975610 5.439024 2.146342 
 Mfc2    3.804878 0.975610 0.000000 5.536585 1.804878 
 Compar  6.268293 5.439024 5.536585 0.000000 6.073171 
 Ppmz    3.463415 2.146342 1.804878 6.073171 0.000000 


new_compatibilityTable_LtoL
          7Zip     Mfc1     Mfc2     Compar   Ppmz    
 7Zip    0.000000 0.246951 0.237805 0.391768 0.216463 
 Mfc1    0.246951 0.000000 0.060976 0.339939 0.134146 
 Mfc2    0.237805 0.060976 0.000000 0.346037 0.112805 
 Compar  0.391768 0.339939 0.346037 0.000000 0.379573 
 Ppmz    0.216463 0.134146 0.112805 0.379573 0.000000 


