compatibilityTable_LtoL
          7Zip     Mfc1     Mfc2     Compar   Ppmz    
 7Zip    0.000000 4.046667 4.006667 6.906667 3.906667 
 Mfc1    4.046667 0.000000 0.900000 6.700000 2.146667 
 Mfc2    4.006667 0.900000 0.000000 6.600000 2.173333 
 Compar  6.906667 6.700000 6.600000 0.000000 6.820000 
 Ppmz    3.906667 2.146667 2.173333 6.820000 0.000000 


new_compatibilityTable_LtoL
          7Zip     Mfc1     Mfc2     Compar   Ppmz    
 7Zip    0.000000 0.252917 0.250417 0.431667 0.244167 
 Mfc1    0.252917 0.000000 0.056250 0.418750 0.134167 
 Mfc2    0.250417 0.056250 0.000000 0.412500 0.135833 
 Compar  0.431667 0.418750 0.412500 0.000000 0.426250 
 Ppmz    0.244167 0.134167 0.135833 0.426250 0.000000 


