compatibilityTable_LtoL
          7Zip     Mfc1     Mfc2     Compar   Ppmz    
 7Zip    0.000000 4.066667 3.961905 7.009524 3.942857 
 Mfc1    4.066667 0.000000 0.857143 6.800000 2.190476 
 Mfc2    3.961905 0.857143 0.000000 6.666667 2.161905 
 Compar  7.009524 6.800000 6.666667 0.000000 6.980952 
 Ppmz    3.942857 2.190476 2.161905 6.980952 0.000000 


new_compatibilityTable_LtoL
          7Zip     Mfc1     Mfc2     Compar   Ppmz    
 7Zip    0.000000 0.254167 0.247619 0.438095 0.246429 
 Mfc1    0.254167 0.000000 0.053571 0.425000 0.136905 
 Mfc2    0.247619 0.053571 0.000000 0.416667 0.135119 
 Compar  0.438095 0.425000 0.416667 0.000000 0.436310 
 Ppmz    0.246429 0.136905 0.135119 0.436310 0.000000 


