compatibilityTable_LtoL
          7Zip     Mfc1     Mfc2     Compar   Ppmz    
 7Zip    0.000000 4.113636 4.000000 7.181818 4.034091 
 Mfc1    4.113636 0.000000 0.954545 6.965909 2.295455 
 Mfc2    4.000000 0.954545 0.000000 6.840909 2.272727 
 Compar  7.181818 6.965909 6.840909 0.000000 7.147727 
 Ppmz    4.034091 2.295455 2.272727 7.147727 0.000000 


new_compatibilityTable_LtoL
          7Zip     Mfc1     Mfc2     Compar   Ppmz    
 7Zip    0.000000 0.257102 0.250000 0.448864 0.252131 
 Mfc1    0.257102 0.000000 0.059659 0.435369 0.143466 
 Mfc2    0.250000 0.059659 0.000000 0.427557 0.142045 
 Compar  0.448864 0.435369 0.427557 0.000000 0.446733 
 Ppmz    0.252131 0.143466 0.142045 0.446733 0.000000 


