compatibilityTable_LtoL
          7Zip     Mfc1     Mfc2     Compar   Ppmz    
 7Zip    0.000000 3.767742 3.664516 6.806452 3.729032 
 Mfc1    3.767742 0.000000 0.916129 6.483871 2.348387 
 Mfc2    3.664516 0.916129 0.000000 6.380645 2.283871 
 Compar  6.806452 6.483871 6.380645 0.000000 6.690322 
 Ppmz    3.729032 2.348387 2.283871 6.690322 0.000000 


new_compatibilityTable_LtoL
          7Zip     Mfc1     Mfc2     Compar   Ppmz    
 7Zip    0.000000 0.235484 0.229032 0.425403 0.233065 
 Mfc1    0.235484 0.000000 0.057258 0.405242 0.146774 
 Mfc2    0.229032 0.057258 0.000000 0.398790 0.142742 
 Compar  0.425403 0.405242 0.398790 0.000000 0.418145 
 Ppmz    0.233065 0.146774 0.142742 0.418145 0.000000 


