compatibilityTable_LtoL
          7Zip     Mfc1     Mfc2     Compar   Ppmz    
 7Zip    0.000000 4.117073 4.009756 7.019512 3.980488 
 Mfc1    4.117073 0.000000 0.878049 6.804878 2.234146 
 Mfc2    4.009756 0.878049 0.000000 6.668293 2.204878 
 Compar  7.019512 6.804878 6.668293 0.000000 6.980488 
 Ppmz    3.980488 2.234146 2.204878 6.980488 0.000000 


new_compatibilityTable_LtoL
          7Zip     Mfc1     Mfc2     Compar   Ppmz    
 7Zip    0.000000 0.257317 0.250610 0.438720 0.248780 
 Mfc1    0.257317 0.000000 0.054878 0.425305 0.139634 
 Mfc2    0.250610 0.054878 0.000000 0.416768 0.137805 
 Compar  0.438720 0.425305 0.416768 0.000000 0.436280 
 Ppmz    0.248780 0.139634 0.137805 0.436280 0.000000 


