compatibilityTable_LtoL
          7Zip     Mfc1     Mfc2     Compar   Ppmz    
 7Zip    0.000000 4.069498 4.000000 7.185328 3.969112 
 Mfc1    4.069498 0.000000 0.980695 6.837838 2.208494 
 Mfc2    4.000000 0.980695 0.000000 6.760618 2.254826 
 Compar  7.185328 6.837838 6.760618 0.000000 6.992278 
 Ppmz    3.969112 2.208494 2.254826 6.992278 0.000000 


new_compatibilityTable_LtoL
          7Zip     Mfc1     Mfc2     Compar   Ppmz    
 7Zip    0.000000 0.254344 0.250000 0.449083 0.248069 
 Mfc1    0.254344 0.000000 0.061293 0.427365 0.138031 
 Mfc2    0.250000 0.061293 0.000000 0.422539 0.140927 
 Compar  0.449083 0.427365 0.422539 0.000000 0.437017 
 Ppmz    0.248069 0.138031 0.140927 0.437017 0.000000 


