compatibilityTable_LtoL
          7Zip     Mfc1     Mfc2     Compar   Ppmz    
 7Zip    0.000000 3.616162 3.474747 6.595960 3.535353 
 Mfc1    3.616162 0.000000 0.727273 6.313131 2.121212 
 Mfc2    3.474747 0.727273 0.000000 6.313131 2.060606 
 Compar  6.595960 6.313131 6.313131 0.000000 6.555555 
 Ppmz    3.535353 2.121212 2.060606 6.555555 0.000000 


new_compatibilityTable_LtoL
          7Zip     Mfc1     Mfc2     Compar   Ppmz    
 7Zip    0.000000 0.226010 0.217172 0.412247 0.220960 
 Mfc1    0.226010 0.000000 0.045455 0.394571 0.132576 
 Mfc2    0.217172 0.045455 0.000000 0.394571 0.128788 
 Compar  0.412247 0.394571 0.394571 0.000000 0.409722 
 Ppmz    0.220960 0.132576 0.128788 0.409722 0.000000 


