compatibilityTable_LtoL
          7Zip     Mfc1     Mfc2     Compar   Ppmz    
 7Zip    0.000000 4.521739 4.260870 7.086957 3.739130 
 Mfc1    4.521739 0.000000 0.782609 5.782609 2.347826 
 Mfc2    4.260870 0.782609 0.000000 6.043478 1.913043 
 Compar  7.086957 5.782609 6.043478 0.000000 6.739130 
 Ppmz    3.739130 2.347826 1.913043 6.739130 0.000000 


new_compatibilityTable_LtoL
          7Zip     Mfc1     Mfc2     Compar   Ppmz    
 7Zip    0.000000 0.282609 0.266304 0.442935 0.233696 
 Mfc1    0.282609 0.000000 0.048913 0.361413 0.146739 
 Mfc2    0.266304 0.048913 0.000000 0.377717 0.119565 
 Compar  0.442935 0.361413 0.377717 0.000000 0.421196 
 Ppmz    0.233696 0.146739 0.119565 0.421196 0.000000 


