compatibilityTable_LtoL
          7Zip     Mfc1     Mfc2     Compar   Ppmz    
 7Zip    0.000000 3.876543 3.790123 6.802469 3.814815 
 Mfc1    3.876543 0.000000 0.938272 6.555555 2.333333 
 Mfc2    3.790123 0.938272 0.000000 6.444445 2.320988 
 Compar  6.802469 6.555555 6.444445 0.000000 6.740741 
 Ppmz    3.814815 2.333333 2.320988 6.740741 0.000000 


new_compatibilityTable_LtoL
          7Zip     Mfc1     Mfc2     Compar   Ppmz    
 7Zip    0.000000 0.242284 0.236883 0.425154 0.238426 
 Mfc1    0.242284 0.000000 0.058642 0.409722 0.145833 
 Mfc2    0.236883 0.058642 0.000000 0.402778 0.145062 
 Compar  0.425154 0.409722 0.402778 0.000000 0.421296 
 Ppmz    0.238426 0.145833 0.145062 0.421296 0.000000 


