compatibilityTable_LtoL
          7Zip     Mfc1     Mfc2     Compar   Ppmz    
 7Zip    0.000000 3.692308 3.538461 6.384615 3.538461 
 Mfc1    3.692308 0.000000 0.791209 6.142857 2.065934 
 Mfc2    3.538461 0.791209 0.000000 6.142857 2.000000 
 Compar  6.384615 6.142857 6.142857 0.000000 6.318681 
 Ppmz    3.538461 2.065934 2.000000 6.318681 0.000000 


new_compatibilityTable_LtoL
          7Zip     Mfc1     Mfc2     Compar   Ppmz    
 7Zip    0.000000 0.230769 0.221154 0.399038 0.221154 
 Mfc1    0.230769 0.000000 0.049451 0.383929 0.129121 
 Mfc2    0.221154 0.049451 0.000000 0.383929 0.125000 
 Compar  0.399038 0.383929 0.383929 0.000000 0.394918 
 Ppmz    0.221154 0.129121 0.125000 0.394918 0.000000 


