compatibilityTable_LtoL
          7Zip     Mfc1     Mfc2     Compar   Ppmz    
 7Zip    0.000000 4.008811 3.929515 6.973568 3.920705 
 Mfc1    4.008811 0.000000 0.863436 6.726872 2.140969 
 Mfc2    3.929515 0.863436 0.000000 6.603524 2.140969 
 Compar  6.973568 6.726872 6.603524 0.000000 6.885463 
 Ppmz    3.920705 2.140969 2.140969 6.885463 0.000000 


new_compatibilityTable_LtoL
          7Zip     Mfc1     Mfc2     Compar   Ppmz    
 7Zip    0.000000 0.250551 0.245595 0.435848 0.245044 
 Mfc1    0.250551 0.000000 0.053965 0.420430 0.133811 
 Mfc2    0.245595 0.053965 0.000000 0.412720 0.133811 
 Compar  0.435848 0.420430 0.412720 0.000000 0.430341 
 Ppmz    0.245044 0.133811 0.133811 0.430341 0.000000 


