compatibilityTable_LtoL
          7Zip     Mfc1     Mfc2     Compar   Ppmz    
 7Zip    0.000000 4.052356 3.937173 7.000000 3.916230 
 Mfc1    4.052356 0.000000 0.931937 6.801047 2.282722 
 Mfc2    3.937173 0.931937 0.000000 6.654450 2.251309 
 Compar  7.000000 6.801047 6.654450 0.000000 6.937173 
 Ppmz    3.916230 2.282722 2.251309 6.937173 0.000000 


new_compatibilityTable_LtoL
          7Zip     Mfc1     Mfc2     Compar   Ppmz    
 7Zip    0.000000 0.253272 0.246073 0.437500 0.244764 
 Mfc1    0.253272 0.000000 0.058246 0.425065 0.142670 
 Mfc2    0.246073 0.058246 0.000000 0.415903 0.140707 
 Compar  0.437500 0.425065 0.415903 0.000000 0.433573 
 Ppmz    0.244764 0.142670 0.140707 0.433573 0.000000 


