compatibilityTable_LtoL
          7Zip     Mfc1     Mfc2     Compar   Ppmz    
 7Zip    0.000000 3.699248 3.639098 6.684210 3.639098 
 Mfc1    3.699248 0.000000 0.917293 6.458647 2.210526 
 Mfc2    3.639098 0.917293 0.000000 6.308270 2.150376 
 Compar  6.684210 6.458647 6.308270 0.000000 6.654135 
 Ppmz    3.639098 2.210526 2.150376 6.654135 0.000000 


new_compatibilityTable_LtoL
          7Zip     Mfc1     Mfc2     Compar   Ppmz    
 7Zip    0.000000 0.231203 0.227444 0.417763 0.227444 
 Mfc1    0.231203 0.000000 0.057331 0.403665 0.138158 
 Mfc2    0.227444 0.057331 0.000000 0.394267 0.134398 
 Compar  0.417763 0.403665 0.394267 0.000000 0.415883 
 Ppmz    0.227444 0.138158 0.134398 0.415883 0.000000 


