compatibilityTable_LtoL
          7Zip     Mfc1     Mfc2     Compar   Ppmz    
 7Zip    0.000000 3.850000 3.750000 6.825000 3.787500 
 Mfc1    3.850000 0.000000 0.937500 6.537500 2.362500 
 Mfc2    3.750000 0.937500 0.000000 6.425000 2.337500 
 Compar  6.825000 6.537500 6.425000 0.000000 6.725000 
 Ppmz    3.787500 2.362500 2.337500 6.725000 0.000000 


new_compatibilityTable_LtoL
          7Zip     Mfc1     Mfc2     Compar   Ppmz    
 7Zip    0.000000 0.240625 0.234375 0.426562 0.236719 
 Mfc1    0.240625 0.000000 0.058594 0.408594 0.147656 
 Mfc2    0.234375 0.058594 0.000000 0.401563 0.146094 
 Compar  0.426562 0.408594 0.401563 0.000000 0.420312 
 Ppmz    0.236719 0.147656 0.146094 0.420312 0.000000 


