compatibilityTable_LtoL
          7Zip     Mfc1     Mfc2     Compar   Ppmz    
 7Zip    0.000000 3.777778 2.666667 6.555555 2.000000 
 Mfc1    3.777778 0.000000 1.333333 5.666667 2.666667 
 Mfc2    2.666667 1.333333 0.000000 6.333333 1.555556 
 Compar  6.555555 5.666667 6.333333 0.000000 6.777778 
 Ppmz    2.000000 2.666667 1.555556 6.777778 0.000000 


new_compatibilityTable_LtoL
          7Zip     Mfc1     Mfc2     Compar   Ppmz    
 7Zip    0.000000 0.236111 0.166667 0.409722 0.125000 
 Mfc1    0.236111 0.000000 0.083333 0.354167 0.166667 
 Mfc2    0.166667 0.083333 0.000000 0.395833 0.097222 
 Compar  0.409722 0.354167 0.395833 0.000000 0.423611 
 Ppmz    0.125000 0.166667 0.097222 0.423611 0.000000 


