compatibilityTable_LtoL
          7Zip     Mfc1     Mfc2     Compar   Ppmz    
 7Zip    0.000000 4.120879 4.000000 7.109890 4.010989 
 Mfc1    4.120879 0.000000 0.978022 6.923077 2.329670 
 Mfc2    4.000000 0.978022 0.000000 6.769231 2.296703 
 Compar  7.109890 6.923077 6.769231 0.000000 7.076923 
 Ppmz    4.010989 2.329670 2.296703 7.076923 0.000000 


new_compatibilityTable_LtoL
          7Zip     Mfc1     Mfc2     Compar   Ppmz    
 7Zip    0.000000 0.257555 0.250000 0.444368 0.250687 
 Mfc1    0.257555 0.000000 0.061126 0.432692 0.145604 
 Mfc2    0.250000 0.061126 0.000000 0.423077 0.143544 
 Compar  0.444368 0.432692 0.423077 0.000000 0.442308 
 Ppmz    0.250687 0.145604 0.143544 0.442308 0.000000 


