compatibilityTable_LtoL
          7Zip     Mfc1     Mfc2     Compar   Ppmz    
 7Zip    0.000000 4.081633 3.969388 7.040816 3.959184 
 Mfc1    4.081633 0.000000 0.908163 6.867347 2.295918 
 Mfc2    3.969388 0.908163 0.000000 6.724490 2.265306 
 Compar  7.040816 6.867347 6.724490 0.000000 7.030612 
 Ppmz    3.959184 2.295918 2.265306 7.030612 0.000000 


new_compatibilityTable_LtoL
          7Zip     Mfc1     Mfc2     Compar   Ppmz    
 7Zip    0.000000 0.255102 0.248087 0.440051 0.247449 
 Mfc1    0.255102 0.000000 0.056760 0.429209 0.143495 
 Mfc2    0.248087 0.056760 0.000000 0.420281 0.141582 
 Compar  0.440051 0.429209 0.420281 0.000000 0.439413 
 Ppmz    0.247449 0.143495 0.141582 0.439413 0.000000 


