compatibilityTable_LtoL
          7Zip     Mfc1     Mfc2     Compar   Ppmz    
 7Zip    0.000000 4.037453 3.970037 7.127341 3.910112 
 Mfc1    4.037453 0.000000 0.958802 6.737828 2.179775 
 Mfc2    3.970037 0.958802 0.000000 6.655431 2.224719 
 Compar  7.127341 6.737828 6.655431 0.000000 6.910112 
 Ppmz    3.910112 2.179775 2.224719 6.910112 0.000000 


new_compatibilityTable_LtoL
          7Zip     Mfc1     Mfc2     Compar   Ppmz    
 7Zip    0.000000 0.252341 0.248127 0.445459 0.244382 
 Mfc1    0.252341 0.000000 0.059925 0.421114 0.136236 
 Mfc2    0.248127 0.059925 0.000000 0.415964 0.139045 
 Compar  0.445459 0.421114 0.415964 0.000000 0.431882 
 Ppmz    0.244382 0.136236 0.139045 0.431882 0.000000 


