compatibilityTable_LtoL
          7Zip     Mfc1     Mfc2     Compar   Ppmz    
 7Zip    0.000000 4.045045 3.954955 7.045045 3.954955 
 Mfc1    4.045045 0.000000 0.873874 6.810811 2.189189 
 Mfc2    3.954955 0.873874 0.000000 6.675676 2.180180 
 Compar  7.045045 6.810811 6.675676 0.000000 6.972973 
 Ppmz    3.954955 2.189189 2.180180 6.972973 0.000000 


new_compatibilityTable_LtoL
          7Zip     Mfc1     Mfc2     Compar   Ppmz    
 7Zip    0.000000 0.252815 0.247185 0.440315 0.247185 
 Mfc1    0.252815 0.000000 0.054617 0.425676 0.136824 
 Mfc2    0.247185 0.054617 0.000000 0.417230 0.136261 
 Compar  0.440315 0.425676 0.417230 0.000000 0.435811 
 Ppmz    0.247185 0.136824 0.136261 0.435811 0.000000 


