compatibilityTable_LtoL
          7Zip     Mfc1     Mfc2     Compar   Ppmz    
 7Zip    0.000000 4.041667 3.927083 6.979167 3.906250 
 Mfc1    4.041667 0.000000 0.927083 6.781250 2.270833 
 Mfc2    3.927083 0.927083 0.000000 6.635417 2.239583 
 Compar  6.979167 6.781250 6.635417 0.000000 6.916667 
 Ppmz    3.906250 2.270833 2.239583 6.916667 0.000000 


new_compatibilityTable_LtoL
          7Zip     Mfc1     Mfc2     Compar   Ppmz    
 7Zip    0.000000 0.252604 0.245443 0.436198 0.244141 
 Mfc1    0.252604 0.000000 0.057943 0.423828 0.141927 
 Mfc2    0.245443 0.057943 0.000000 0.414714 0.139974 
 Compar  0.436198 0.423828 0.414714 0.000000 0.432292 
 Ppmz    0.244141 0.141927 0.139974 0.432292 0.000000 


