compatibilityTable_LtoL
          7Zip     Mfc1     Mfc2     Compar   Ppmz    
 7Zip    0.000000 4.170041 4.089069 7.251012 4.056680 
 Mfc1    4.170041 0.000000 1.020243 6.935223 2.275304 
 Mfc2    4.089069 1.020243 0.000000 6.846154 2.315789 
 Compar  7.251012 6.935223 6.846154 0.000000 7.089069 
 Ppmz    4.056680 2.275304 2.315789 7.089069 0.000000 


new_compatibilityTable_LtoL
          7Zip     Mfc1     Mfc2     Compar   Ppmz    
 7Zip    0.000000 0.260628 0.255567 0.453188 0.253543 
 Mfc1    0.260628 0.000000 0.063765 0.433451 0.142206 
 Mfc2    0.255567 0.063765 0.000000 0.427885 0.144737 
 Compar  0.453188 0.433451 0.427885 0.000000 0.443067 
 Ppmz    0.253543 0.142206 0.144737 0.443067 0.000000 


