compatibilityTable_LtoL
          7Zip     Mfc1     Mfc2     Compar   Ppmz    
 7Zip    0.000000 3.640000 3.500000 6.600000 3.560000 
 Mfc1    3.640000 0.000000 0.720000 6.300000 2.100000 
 Mfc2    3.500000 0.720000 0.000000 6.300000 2.040000 
 Compar  6.600000 6.300000 6.300000 0.000000 6.540000 
 Ppmz    3.560000 2.100000 2.040000 6.540000 0.000000 


new_compatibilityTable_LtoL
          7Zip     Mfc1     Mfc2     Compar   Ppmz    
 7Zip    0.000000 0.227500 0.218750 0.412500 0.222500 
 Mfc1    0.227500 0.000000 0.045000 0.393750 0.131250 
 Mfc2    0.218750 0.045000 0.000000 0.393750 0.127500 
 Compar  0.412500 0.393750 0.393750 0.000000 0.408750 
 Ppmz    0.222500 0.131250 0.127500 0.408750 0.000000 


