compatibilityTable_LtoL
          7Zip     Mfc1     Mfc2     Compar   Ppmz    
 7Zip    0.000000 4.051282 3.897436 6.435897 3.538461 
 Mfc1    4.051282 0.000000 1.025641 5.615385 2.256410 
 Mfc2    3.897436 1.025641 0.000000 5.717949 1.897436 
 Compar  6.435897 5.615385 5.717949 0.000000 6.282051 
 Ppmz    3.538461 2.256410 1.897436 6.282051 0.000000 


new_compatibilityTable_LtoL
          7Zip     Mfc1     Mfc2     Compar   Ppmz    
 7Zip    0.000000 0.253205 0.243590 0.402244 0.221154 
 Mfc1    0.253205 0.000000 0.064103 0.350962 0.141026 
 Mfc2    0.243590 0.064103 0.000000 0.357372 0.118590 
 Compar  0.402244 0.350962 0.357372 0.000000 0.392628 
 Ppmz    0.221154 0.141026 0.118590 0.392628 0.000000 


