compatibilityTable_LtoL
          7Zip     Mfc1     Mfc2     Compar   Ppmz    
 7Zip    0.000000 4.112150 4.000000 7.112150 4.009346 
 Mfc1    4.112150 0.000000 0.878505 6.906542 2.242991 
 Mfc2    4.000000 0.878505 0.000000 6.766355 2.205607 
 Compar  7.112150 6.906542 6.766355 0.000000 7.093458 
 Ppmz    4.009346 2.242991 2.205607 7.093458 0.000000 


new_compatibilityTable_LtoL
          7Zip     Mfc1     Mfc2     Compar   Ppmz    
 7Zip    0.000000 0.257009 0.250000 0.444509 0.250584 
 Mfc1    0.257009 0.000000 0.054907 0.431659 0.140187 
 Mfc2    0.250000 0.054907 0.000000 0.422897 0.137850 
 Compar  0.444509 0.431659 0.422897 0.000000 0.443341 
 Ppmz    0.250584 0.140187 0.137850 0.443341 0.000000 


