compatibilityTable_LtoL
          7Zip     Mfc1     Mfc2     Compar   Ppmz    
 7Zip    0.000000 3.600000 2.933333 6.200000 2.533333 
 Mfc1    3.600000 0.000000 0.800000 4.733333 2.400000 
 Mfc2    2.933333 0.800000 0.000000 5.133333 1.733333 
 Compar  6.200000 4.733333 5.133333 0.000000 5.933333 
 Ppmz    2.533333 2.400000 1.733333 5.933333 0.000000 


new_compatibilityTable_LtoL
          7Zip     Mfc1     Mfc2     Compar   Ppmz    
 7Zip    0.000000 0.225000 0.183333 0.387500 0.158333 
 Mfc1    0.225000 0.000000 0.050000 0.295833 0.150000 
 Mfc2    0.183333 0.050000 0.000000 0.320833 0.108333 
 Compar  0.387500 0.295833 0.320833 0.000000 0.370833 
 Ppmz    0.158333 0.150000 0.108333 0.370833 0.000000 


