compatibilityTable_LtoL
          7Zip     Mfc1     Mfc2     Compar   Ppmz    
 7Zip    0.000000 3.740458 3.679389 6.648855 3.679389 
 Mfc1    3.740458 0.000000 0.931298 6.419847 2.244275 
 Mfc2    3.679389 0.931298 0.000000 6.267176 2.183206 
 Compar  6.648855 6.419847 6.267176 0.000000 6.618320 
 Ppmz    3.679389 2.244275 2.183206 6.618320 0.000000 


new_compatibilityTable_LtoL
          7Zip     Mfc1     Mfc2     Compar   Ppmz    
 7Zip    0.000000 0.233779 0.229962 0.415553 0.229962 
 Mfc1    0.233779 0.000000 0.058206 0.401240 0.140267 
 Mfc2    0.229962 0.058206 0.000000 0.391698 0.136450 
 Compar  0.415553 0.401240 0.391698 0.000000 0.413645 
 Ppmz    0.229962 0.140267 0.136450 0.413645 0.000000 


