compatibilityTable_LtoL
          7Zip     Mfc1     Mfc2     Compar   Ppmz    
 7Zip    0.000000 4.026549 3.946903 7.000000 3.938053 
 Mfc1    4.026549 0.000000 0.867257 6.752213 2.150442 
 Mfc2    3.946903 0.867257 0.000000 6.628319 2.150442 
 Compar  7.000000 6.752213 6.628319 0.000000 6.911504 
 Ppmz    3.938053 2.150442 2.150442 6.911504 0.000000 


new_compatibilityTable_LtoL
          7Zip     Mfc1     Mfc2     Compar   Ppmz    
 7Zip    0.000000 0.251659 0.246681 0.437500 0.246128 
 Mfc1    0.251659 0.000000 0.054204 0.422013 0.134403 
 Mfc2    0.246681 0.054204 0.000000 0.414270 0.134403 
 Compar  0.437500 0.422013 0.414270 0.000000 0.431969 
 Ppmz    0.246128 0.134403 0.134403 0.431969 0.000000 


