compatibilityTable_LtoL
          7Zip     Mfc1     Mfc2     Compar   Ppmz    
 7Zip    0.000000 3.525424 3.423729 5.677966 3.084746 
 Mfc1    3.525424 0.000000 0.745763 5.203390 1.864407 
 Mfc2    3.423729 0.745763 0.000000 5.271186 1.627119 
 Compar  5.677966 5.203390 5.271186 0.000000 5.542373 
 Ppmz    3.084746 1.864407 1.627119 5.542373 0.000000 


new_compatibilityTable_LtoL
          7Zip     Mfc1     Mfc2     Compar   Ppmz    
 7Zip    0.000000 0.220339 0.213983 0.354873 0.192797 
 Mfc1    0.220339 0.000000 0.046610 0.325212 0.116525 
 Mfc2    0.213983 0.046610 0.000000 0.329449 0.101695 
 Compar  0.354873 0.325212 0.329449 0.000000 0.346398 
 Ppmz    0.192797 0.116525 0.101695 0.346398 0.000000 


