compatibilityTable_LtoL
          7Zip     Mfc1     Mfc2     Compar   Ppmz    
 7Zip    0.000000 4.045628 3.977186 7.159696 3.939163 
 Mfc1    4.045628 0.000000 0.965779 6.794677 2.190114 
 Mfc2    3.977186 0.965779 0.000000 6.718631 2.235741 
 Compar  7.159696 6.794677 6.718631 0.000000 6.961977 
 Ppmz    3.939163 2.190114 2.235741 6.961977 0.000000 


new_compatibilityTable_LtoL
          7Zip     Mfc1     Mfc2     Compar   Ppmz    
 7Zip    0.000000 0.252852 0.248574 0.447481 0.246198 
 Mfc1    0.252852 0.000000 0.060361 0.424667 0.136882 
 Mfc2    0.248574 0.060361 0.000000 0.419914 0.139734 
 Compar  0.447481 0.424667 0.419914 0.000000 0.435124 
 Ppmz    0.246198 0.136882 0.139734 0.435124 0.000000 


