compatibilityTable_LtoL
          7Zip     Mfc1     Mfc2     Compar   Ppmz    
 7Zip    0.000000 3.666667 3.583333 5.666667 3.166667 
 Mfc1    3.666667 0.000000 0.875000 5.166667 2.083333 
 Mfc2    3.583333 0.875000 0.000000 5.291667 1.750000 
 Compar  5.666667 5.166667 5.291667 0.000000 5.625000 
 Ppmz    3.166667 2.083333 1.750000 5.625000 0.000000 


new_compatibilityTable_LtoL
          7Zip     Mfc1     Mfc2     Compar   Ppmz    
 7Zip    0.000000 0.229167 0.223958 0.354167 0.197917 
 Mfc1    0.229167 0.000000 0.054688 0.322917 0.130208 
 Mfc2    0.223958 0.054688 0.000000 0.330729 0.109375 
 Compar  0.354167 0.322917 0.330729 0.000000 0.351562 
 Ppmz    0.197917 0.130208 0.109375 0.351562 0.000000 


