compatibilityTable_LtoL
          7Zip     Mfc1     Mfc2     Compar   Ppmz    
 7Zip    0.000000 3.565217 3.420290 5.695652 3.130435 
 Mfc1    3.565217 0.000000 0.695652 5.231884 2.000000 
 Mfc2    3.420290 0.695652 0.000000 5.260870 1.739130 
 Compar  5.695652 5.231884 5.260870 0.000000 5.492754 
 Ppmz    3.130435 2.000000 1.739130 5.492754 0.000000 


new_compatibilityTable_LtoL
          7Zip     Mfc1     Mfc2     Compar   Ppmz    
 7Zip    0.000000 0.222826 0.213768 0.355978 0.195652 
 Mfc1    0.222826 0.000000 0.043478 0.326993 0.125000 
 Mfc2    0.213768 0.043478 0.000000 0.328804 0.108696 
 Compar  0.355978 0.326993 0.328804 0.000000 0.343297 
 Ppmz    0.195652 0.125000 0.108696 0.343297 0.000000 


