compatibilityTable_LtoL
          7Zip     Mfc1     Mfc2     Compar   Ppmz    
 7Zip    0.000000 4.182573 4.116183 7.207469 4.099585 
 Mfc1    4.182573 0.000000 1.029046 6.917012 2.265560 
 Mfc2    4.116183 1.029046 0.000000 6.817427 2.315353 
 Compar  7.207469 6.917012 6.817427 0.000000 7.058091 
 Ppmz    4.099585 2.265560 2.315353 7.058091 0.000000 


new_compatibilityTable_LtoL
          7Zip     Mfc1     Mfc2     Compar   Ppmz    
 7Zip    0.000000 0.261411 0.257261 0.450467 0.256224 
 Mfc1    0.261411 0.000000 0.064315 0.432313 0.141598 
 Mfc2    0.257261 0.064315 0.000000 0.426089 0.144710 
 Compar  0.450467 0.432313 0.426089 0.000000 0.441131 
 Ppmz    0.256224 0.141598 0.144710 0.441131 0.000000 


