compatibilityTable_LtoL
          7Zip     Mfc1     Mfc2     Compar   Ppmz    
 7Zip    0.000000 4.046783 3.929825 7.023392 3.976608 
 Mfc1    4.046783 0.000000 0.959064 6.847953 2.292398 
 Mfc2    3.929825 0.959064 0.000000 6.719298 2.269006 
 Compar  7.023392 6.847953 6.719298 0.000000 7.011696 
 Ppmz    3.976608 2.292398 2.269006 7.011696 0.000000 


new_compatibilityTable_LtoL
          7Zip     Mfc1     Mfc2     Compar   Ppmz    
 7Zip    0.000000 0.252924 0.245614 0.438962 0.248538 
 Mfc1    0.252924 0.000000 0.059942 0.427997 0.143275 
 Mfc2    0.245614 0.059942 0.000000 0.419956 0.141813 
 Compar  0.438962 0.427997 0.419956 0.000000 0.438231 
 Ppmz    0.248538 0.143275 0.141813 0.438231 0.000000 


