compatibilityTable_LtoL
          7Zip     Mfc1     Mfc2     Compar   Ppmz    
 7Zip    0.000000 3.794118 3.735294 6.838235 3.720588 
 Mfc1    3.794118 0.000000 0.897059 6.573529 2.308824 
 Mfc2    3.735294 0.897059 0.000000 6.426471 2.250000 
 Compar  6.838235 6.573529 6.426471 0.000000 6.794117 
 Ppmz    3.720588 2.308824 2.250000 6.794117 0.000000 


new_compatibilityTable_LtoL
          7Zip     Mfc1     Mfc2     Compar   Ppmz    
 7Zip    0.000000 0.237132 0.233456 0.427390 0.232537 
 Mfc1    0.237132 0.000000 0.056066 0.410846 0.144301 
 Mfc2    0.233456 0.056066 0.000000 0.401654 0.140625 
 Compar  0.427390 0.410846 0.401654 0.000000 0.424632 
 Ppmz    0.232537 0.144301 0.140625 0.424632 0.000000 


