compatibilityTable_LtoL
          7Zip     Mfc1     Mfc2     Compar   Ppmz    
 7Zip    0.000000 4.065934 4.000000 7.131868 3.956044 
 Mfc1    4.065934 0.000000 0.937729 6.787546 2.197802 
 Mfc2    4.000000 0.937729 0.000000 6.706960 2.241758 
 Compar  7.131868 6.787546 6.706960 0.000000 6.948718 
 Ppmz    3.956044 2.197802 2.241758 6.948718 0.000000 


new_compatibilityTable_LtoL
          7Zip     Mfc1     Mfc2     Compar   Ppmz    
 7Zip    0.000000 0.254121 0.250000 0.445742 0.247253 
 Mfc1    0.254121 0.000000 0.058608 0.424222 0.137363 
 Mfc2    0.250000 0.058608 0.000000 0.419185 0.140110 
 Compar  0.445742 0.424222 0.419185 0.000000 0.434295 
 Ppmz    0.247253 0.137363 0.140110 0.434295 0.000000 


