compatibilityTable_LtoL
          7Zip     Mfc1     Mfc2     Compar   Ppmz    
 7Zip    0.000000 4.081395 3.965116 7.069767 4.011628 
 Mfc1    4.081395 0.000000 0.965116 6.883721 2.290698 
 Mfc2    3.965116 0.965116 0.000000 6.755814 2.255814 
 Compar  7.069767 6.883721 6.755814 0.000000 7.046512 
 Ppmz    4.011628 2.290698 2.255814 7.046512 0.000000 


new_compatibilityTable_LtoL
          7Zip     Mfc1     Mfc2     Compar   Ppmz    
 7Zip    0.000000 0.255087 0.247820 0.441860 0.250727 
 Mfc1    0.255087 0.000000 0.060320 0.430233 0.143169 
 Mfc2    0.247820 0.060320 0.000000 0.422238 0.140988 
 Compar  0.441860 0.430233 0.422238 0.000000 0.440407 
 Ppmz    0.250727 0.143169 0.140988 0.440407 0.000000 


