compatibilityTable_LtoL
          7Zip     Mfc1     Mfc2     Compar   Ppmz    
 7Zip    0.000000 4.061069 3.992366 7.167939 3.954198 
 Mfc1    4.061069 0.000000 0.969466 6.801527 2.198473 
 Mfc2    3.992366 0.969466 0.000000 6.725191 2.244275 
 Compar  7.167939 6.801527 6.725191 0.000000 6.969466 
 Ppmz    3.954198 2.198473 2.244275 6.969466 0.000000 


new_compatibilityTable_LtoL
          7Zip     Mfc1     Mfc2     Compar   Ppmz    
 7Zip    0.000000 0.253817 0.249523 0.447996 0.247137 
 Mfc1    0.253817 0.000000 0.060592 0.425095 0.137405 
 Mfc2    0.249523 0.060592 0.000000 0.420324 0.140267 
 Compar  0.447996 0.425095 0.420324 0.000000 0.435592 
 Ppmz    0.247137 0.137405 0.140267 0.435592 0.000000 


