compatibilityTable_LtoL
          7Zip     Mfc1     Mfc2     Compar   Ppmz    
 7Zip    0.000000 3.700000 3.550000 6.125000 3.475000 
 Mfc1    3.700000 0.000000 0.825000 5.725000 2.125000 
 Mfc2    3.550000 0.825000 0.000000 5.750000 2.025000 
 Compar  6.125000 5.725000 5.750000 0.000000 5.925000 
 Ppmz    3.475000 2.125000 2.025000 5.925000 0.000000 


new_compatibilityTable_LtoL
          7Zip     Mfc1     Mfc2     Compar   Ppmz    
 7Zip    0.000000 0.231250 0.221875 0.382812 0.217187 
 Mfc1    0.231250 0.000000 0.051562 0.357812 0.132812 
 Mfc2    0.221875 0.051562 0.000000 0.359375 0.126563 
 Compar  0.382812 0.357812 0.359375 0.000000 0.370313 
 Ppmz    0.217187 0.132812 0.126563 0.370313 0.000000 


