compatibilityTable_LtoL
          7Zip     Mfc1     Mfc2     Compar   Ppmz    
 7Zip    0.000000 3.788080 3.695364 6.788079 3.721854 
 Mfc1    3.788080 0.000000 0.927152 6.483444 2.317881 
 Mfc2    3.695364 0.927152 0.000000 6.377483 2.264901 
 Compar  6.788079 6.483444 6.377483 0.000000 6.668874 
 Ppmz    3.721854 2.317881 2.264901 6.668874 0.000000 


new_compatibilityTable_LtoL
          7Zip     Mfc1     Mfc2     Compar   Ppmz    
 7Zip    0.000000 0.236755 0.230960 0.424255 0.232616 
 Mfc1    0.236755 0.000000 0.057947 0.405215 0.144868 
 Mfc2    0.230960 0.057947 0.000000 0.398593 0.141556 
 Compar  0.424255 0.405215 0.398593 0.000000 0.416805 
 Ppmz    0.232616 0.144868 0.141556 0.416805 0.000000 


