compatibilityTable_LtoL
          7Zip     Mfc1     Mfc2     Compar   Ppmz    
 7Zip    0.000000 4.109290 3.989071 7.087432 4.010929 
 Mfc1    4.109290 0.000000 0.972678 6.890710 2.327869 
 Mfc2    3.989071 0.972678 0.000000 6.737705 2.295082 
 Compar  7.087432 6.890710 6.737705 0.000000 7.054645 
 Ppmz    4.010929 2.327869 2.295082 7.054645 0.000000 


new_compatibilityTable_LtoL
          7Zip     Mfc1     Mfc2     Compar   Ppmz    
 7Zip    0.000000 0.256831 0.249317 0.442964 0.250683 
 Mfc1    0.256831 0.000000 0.060792 0.430669 0.145492 
 Mfc2    0.249317 0.060792 0.000000 0.421107 0.143443 
 Compar  0.442964 0.430669 0.421107 0.000000 0.440915 
 Ppmz    0.250683 0.145492 0.143443 0.440915 0.000000 


