compatibilityTable_LtoL
          7Zip     Mfc1     Mfc2     Compar   Ppmz    
 7Zip    0.000000 3.696203 3.569620 6.012658 3.493671 
 Mfc1    3.696203 0.000000 0.810127 5.607595 2.126582 
 Mfc2    3.569620 0.810127 0.000000 5.632911 2.050633 
 Compar  6.012658 5.607595 5.632911 0.000000 5.810127 
 Ppmz    3.493671 2.126582 2.050633 5.810127 0.000000 


new_compatibilityTable_LtoL
          7Zip     Mfc1     Mfc2     Compar   Ppmz    
 7Zip    0.000000 0.231013 0.223101 0.375791 0.218354 
 Mfc1    0.231013 0.000000 0.050633 0.350475 0.132911 
 Mfc2    0.223101 0.050633 0.000000 0.352057 0.128165 
 Compar  0.375791 0.350475 0.352057 0.000000 0.363133 
 Ppmz    0.218354 0.132911 0.128165 0.363133 0.000000 


