compatibilityTable_LtoL
          7Zip     Mfc1     Mfc2     Compar   Ppmz    
 7Zip    0.000000 4.500000 3.500000 8.500000 2.500000 
 Mfc1    4.500000 0.000000 1.500000 6.500000 2.500000 
 Mfc2    3.500000 1.500000 0.000000 8.000000 1.000000 
 Compar  8.500000 6.500000 8.000000 0.000000 8.500000 
 Ppmz    2.500000 2.500000 1.000000 8.500000 0.000000 


new_compatibilityTable_LtoL
          7Zip     Mfc1     Mfc2     Compar   Ppmz    
 7Zip    0.000000 0.281250 0.218750 0.531250 0.156250 
 Mfc1    0.281250 0.000000 0.093750 0.406250 0.156250 
 Mfc2    0.218750 0.093750 0.000000 0.500000 0.062500 
 Compar  0.531250 0.406250 0.500000 0.000000 0.531250 
 Ppmz    0.156250 0.156250 0.062500 0.531250 0.000000 


