compatibilityTable_LtoL
          7Zip     Mfc1     Mfc2     Compar   Ppmz    
 7Zip    0.000000 4.094488 4.023622 7.188976 4.000000 
 Mfc1    4.094488 0.000000 1.000000 6.842520 2.228346 
 Mfc2    4.023622 1.000000 0.000000 6.763780 2.275591 
 Compar  7.188976 6.842520 6.763780 0.000000 7.007874 
 Ppmz    4.000000 2.228346 2.275591 7.007874 0.000000 


new_compatibilityTable_LtoL
          7Zip     Mfc1     Mfc2     Compar   Ppmz    
 7Zip    0.000000 0.255906 0.251476 0.449311 0.250000 
 Mfc1    0.255906 0.000000 0.062500 0.427657 0.139272 
 Mfc2    0.251476 0.062500 0.000000 0.422736 0.142224 
 Compar  0.449311 0.427657 0.422736 0.000000 0.437992 
 Ppmz    0.250000 0.139272 0.142224 0.437992 0.000000 


