compatibilityTable_LtoL
          7Zip     Mfc1     Mfc2     Compar   Ppmz    
 7Zip    0.000000 4.054054 3.891892 6.621622 3.567568 
 Mfc1    4.054054 0.000000 1.027027 5.756757 2.324324 
 Mfc2    3.891892 1.027027 0.000000 5.864865 1.945946 
 Compar  6.621622 5.756757 5.864865 0.000000 6.513514 
 Ppmz    3.567568 2.324324 1.945946 6.513514 0.000000 


new_compatibilityTable_LtoL
          7Zip     Mfc1     Mfc2     Compar   Ppmz    
 7Zip    0.000000 0.253378 0.243243 0.413851 0.222973 
 Mfc1    0.253378 0.000000 0.064189 0.359797 0.145270 
 Mfc2    0.243243 0.064189 0.000000 0.366554 0.121622 
 Compar  0.413851 0.359797 0.366554 0.000000 0.407095 
 Ppmz    0.222973 0.145270 0.121622 0.407095 0.000000 


