compatibilityTable_LtoL
          7Zip     Mfc1     Mfc2     Compar   Ppmz    
 7Zip    0.000000 4.108375 4.000000 6.990148 3.980296 
 Mfc1    4.108375 0.000000 0.886699 6.822660 2.226601 
 Mfc2    4.000000 0.886699 0.000000 6.684729 2.197044 
 Compar  6.990148 6.822660 6.684729 0.000000 6.970443 
 Ppmz    3.980296 2.226601 2.197044 6.970443 0.000000 


new_compatibilityTable_LtoL
          7Zip     Mfc1     Mfc2     Compar   Ppmz    
 7Zip    0.000000 0.256773 0.250000 0.436884 0.248768 
 Mfc1    0.256773 0.000000 0.055419 0.426416 0.139163 
 Mfc2    0.250000 0.055419 0.000000 0.417796 0.137315 
 Compar  0.436884 0.426416 0.417796 0.000000 0.435653 
 Ppmz    0.248768 0.139163 0.137315 0.435653 0.000000 


