compatibilityTable_LtoL
          7Zip     Mfc1     Mfc2     Compar   Ppmz    
 7Zip    0.000000 4.023809 3.928571 6.892857 3.976191 
 Mfc1    4.023809 0.000000 0.940476 6.726191 2.297619 
 Mfc2    3.928571 0.940476 0.000000 6.607143 2.309524 
 Compar  6.892857 6.726191 6.607143 0.000000 6.904762 
 Ppmz    3.976191 2.297619 2.309524 6.904762 0.000000 


new_compatibilityTable_LtoL
          7Zip     Mfc1     Mfc2     Compar   Ppmz    
 7Zip    0.000000 0.251488 0.245536 0.430804 0.248512 
 Mfc1    0.251488 0.000000 0.058780 0.420387 0.143601 
 Mfc2    0.245536 0.058780 0.000000 0.412946 0.144345 
 Compar  0.430804 0.420387 0.412946 0.000000 0.431548 
 Ppmz    0.248512 0.143601 0.144345 0.431548 0.000000 


