compatibilityTable_LtoL
          7Zip     Mfc1     Mfc2     Compar   Ppmz    
 7Zip    0.000000 4.108108 3.989189 7.075675 4.010811 
 Mfc1    4.108108 0.000000 0.962162 6.859459 2.302703 
 Mfc2    3.989189 0.962162 0.000000 6.708108 2.270270 
 Compar  7.075675 6.859459 6.708108 0.000000 7.021622 
 Ppmz    4.010811 2.302703 2.270270 7.021622 0.000000 


new_compatibilityTable_LtoL
          7Zip     Mfc1     Mfc2     Compar   Ppmz    
 7Zip    0.000000 0.256757 0.249324 0.442230 0.250676 
 Mfc1    0.256757 0.000000 0.060135 0.428716 0.143919 
 Mfc2    0.249324 0.060135 0.000000 0.419257 0.141892 
 Compar  0.442230 0.428716 0.419257 0.000000 0.438851 
 Ppmz    0.250676 0.143919 0.141892 0.438851 0.000000 


