compatibilityTable_LtoL
          7Zip     Mfc1     Mfc2     Compar   Ppmz    
 7Zip    0.000000 4.096154 3.990385 7.028846 3.971154 
 Mfc1    4.096154 0.000000 0.865385 6.817307 2.211539 
 Mfc2    3.990385 0.865385 0.000000 6.682693 2.182692 
 Compar  7.028846 6.817307 6.682693 0.000000 7.000000 
 Ppmz    3.971154 2.211539 2.182692 7.000000 0.000000 


new_compatibilityTable_LtoL
          7Zip     Mfc1     Mfc2     Compar   Ppmz    
 7Zip    0.000000 0.256010 0.249399 0.439303 0.248197 
 Mfc1    0.256010 0.000000 0.054087 0.426082 0.138221 
 Mfc2    0.249399 0.054087 0.000000 0.417668 0.136418 
 Compar  0.439303 0.426082 0.417668 0.000000 0.437500 
 Ppmz    0.248197 0.138221 0.136418 0.437500 0.000000 


