compatibilityTable_LtoL
          7Zip     Mfc1     Mfc2     Compar   Ppmz    
 7Zip    0.000000 3.573771 3.475410 5.721312 3.147541 
 Mfc1    3.573771 0.000000 0.721311 5.262295 1.967213 
 Mfc2    3.475410 0.721311 0.000000 5.327869 1.737705 
 Compar  5.721312 5.262295 5.327869 0.000000 5.622951 
 Ppmz    3.147541 1.967213 1.737705 5.622951 0.000000 


new_compatibilityTable_LtoL
          7Zip     Mfc1     Mfc2     Compar   Ppmz    
 7Zip    0.000000 0.223361 0.217213 0.357582 0.196721 
 Mfc1    0.223361 0.000000 0.045082 0.328893 0.122951 
 Mfc2    0.217213 0.045082 0.000000 0.332992 0.108607 
 Compar  0.357582 0.328893 0.332992 0.000000 0.351434 
 Ppmz    0.196721 0.122951 0.108607 0.351434 0.000000 


