compatibilityTable_LtoL
          7Zip     Mfc1     Mfc2     Compar   Ppmz    
 7Zip    0.000000 3.607843 3.490196 5.627451 3.098039 
 Mfc1    3.607843 0.000000 0.862745 5.156863 2.078431 
 Mfc2    3.490196 0.862745 0.000000 5.235294 1.803922 
 Compar  5.627451 5.156863 5.235294 0.000000 5.588235 
 Ppmz    3.098039 2.078431 1.803922 5.588235 0.000000 


new_compatibilityTable_LtoL
          7Zip     Mfc1     Mfc2     Compar   Ppmz    
 7Zip    0.000000 0.225490 0.218137 0.351716 0.193627 
 Mfc1    0.225490 0.000000 0.053922 0.322304 0.129902 
 Mfc2    0.218137 0.053922 0.000000 0.327206 0.112745 
 Compar  0.351716 0.322304 0.327206 0.000000 0.349265 
 Ppmz    0.193627 0.129902 0.112745 0.349265 0.000000 


