compatibilityTable_LtoL
          7Zip     Mfc1     Mfc2     Compar   Ppmz    
 7Zip    0.000000 3.563636 3.454545 5.654545 3.054545 
 Mfc1    3.563636 0.000000 0.800000 5.181818 1.963636 
 Mfc2    3.454545 0.800000 0.000000 5.254546 1.709091 
 Compar  5.654545 5.181818 5.254546 0.000000 5.581818 
 Ppmz    3.054545 1.963636 1.709091 5.581818 0.000000 


new_compatibilityTable_LtoL
          7Zip     Mfc1     Mfc2     Compar   Ppmz    
 7Zip    0.000000 0.222727 0.215909 0.353409 0.190909 
 Mfc1    0.222727 0.000000 0.050000 0.323864 0.122727 
 Mfc2    0.215909 0.050000 0.000000 0.328409 0.106818 
 Compar  0.353409 0.323864 0.328409 0.000000 0.348864 
 Ppmz    0.190909 0.122727 0.106818 0.348864 0.000000 


