compatibilityTable_LtoL
          7Zip     Mfc1     Mfc2     Compar   Ppmz    
 7Zip    0.000000 3.686956 3.565217 6.582609 3.547826 
 Mfc1    3.686956 0.000000 0.747826 6.373913 2.191304 
 Mfc2    3.565217 0.747826 0.000000 6.286956 2.156522 
 Compar  6.582609 6.373913 6.286956 0.000000 6.565217 
 Ppmz    3.547826 2.191304 2.156522 6.565217 0.000000 


new_compatibilityTable_LtoL
          7Zip     Mfc1     Mfc2     Compar   Ppmz    
 7Zip    0.000000 0.230435 0.222826 0.411413 0.221739 
 Mfc1    0.230435 0.000000 0.046739 0.398370 0.136957 
 Mfc2    0.222826 0.046739 0.000000 0.392935 0.134783 
 Compar  0.411413 0.398370 0.392935 0.000000 0.410326 
 Ppmz    0.221739 0.136957 0.134783 0.410326 0.000000 


