compatibilityTable_LtoL
          7Zip     Mfc1     Mfc2     Compar   Ppmz    
 7Zip    0.000000 4.063348 3.972851 7.063348 3.972851 
 Mfc1    4.063348 0.000000 0.877828 6.828054 2.199095 
 Mfc2    3.972851 0.877828 0.000000 6.692307 2.190045 
 Compar  7.063348 6.828054 6.692307 0.000000 6.990950 
 Ppmz    3.972851 2.199095 2.190045 6.990950 0.000000 


new_compatibilityTable_LtoL
          7Zip     Mfc1     Mfc2     Compar   Ppmz    
 7Zip    0.000000 0.253959 0.248303 0.441459 0.248303 
 Mfc1    0.253959 0.000000 0.054864 0.426753 0.137443 
 Mfc2    0.248303 0.054864 0.000000 0.418269 0.136878 
 Compar  0.441459 0.426753 0.418269 0.000000 0.436934 
 Ppmz    0.248303 0.137443 0.136878 0.436934 0.000000 


