compatibilityTable_LtoL
          7Zip     Mfc1     Mfc2     Compar   Ppmz    
 7Zip    0.000000 3.761905 3.619048 6.555555 3.650794 
 Mfc1    3.761905 0.000000 0.825397 6.333333 2.190476 
 Mfc2    3.619048 0.825397 0.000000 6.190476 2.111111 
 Compar  6.555555 6.333333 6.190476 0.000000 6.523809 
 Ppmz    3.650794 2.190476 2.111111 6.523809 0.000000 


new_compatibilityTable_LtoL
          7Zip     Mfc1     Mfc2     Compar   Ppmz    
 7Zip    0.000000 0.235119 0.226190 0.409722 0.228175 
 Mfc1    0.235119 0.000000 0.051587 0.395833 0.136905 
 Mfc2    0.226190 0.051587 0.000000 0.386905 0.131944 
 Compar  0.409722 0.395833 0.386905 0.000000 0.407738 
 Ppmz    0.228175 0.136905 0.131944 0.407738 0.000000 


