compatibilityTable_LtoL
          7Zip     Mfc1     Mfc2     Compar   Ppmz    
 7Zip    0.000000 3.724138 3.603448 6.620690 3.586207 
 Mfc1    3.724138 0.000000 0.775862 6.413793 2.206897 
 Mfc2    3.603448 0.775862 0.000000 6.327586 2.155172 
 Compar  6.620690 6.413793 6.327586 0.000000 6.603448 
 Ppmz    3.586207 2.206897 2.155172 6.603448 0.000000 


new_compatibilityTable_LtoL
          7Zip     Mfc1     Mfc2     Compar   Ppmz    
 7Zip    0.000000 0.232759 0.225216 0.413793 0.224138 
 Mfc1    0.232759 0.000000 0.048491 0.400862 0.137931 
 Mfc2    0.225216 0.048491 0.000000 0.395474 0.134698 
 Compar  0.413793 0.400862 0.395474 0.000000 0.412716 
 Ppmz    0.224138 0.137931 0.134698 0.412716 0.000000 


