compatibilityTable_LtoL
          7Zip     Mfc1     Mfc2     Compar   Ppmz    
 7Zip    0.000000 4.062016 3.992248 7.162791 3.968992 
 Mfc1    4.062016 0.000000 0.984496 6.821705 2.209302 
 Mfc2    3.992248 0.984496 0.000000 6.744186 2.255814 
 Compar  7.162791 6.821705 6.744186 0.000000 6.976744 
 Ppmz    3.968992 2.209302 2.255814 6.976744 0.000000 


new_compatibilityTable_LtoL
          7Zip     Mfc1     Mfc2     Compar   Ppmz    
 7Zip    0.000000 0.253876 0.249516 0.447674 0.248062 
 Mfc1    0.253876 0.000000 0.061531 0.426357 0.138081 
 Mfc2    0.249516 0.061531 0.000000 0.421512 0.140988 
 Compar  0.447674 0.426357 0.421512 0.000000 0.436047 
 Ppmz    0.248062 0.138081 0.140988 0.436047 0.000000 


