compatibilityTable_LtoL
          7Zip     Mfc1     Mfc2     Compar   Ppmz    
 7Zip    0.000000 4.066421 4.000000 7.103321 3.940959 
 Mfc1    4.066421 0.000000 0.944649 6.749077 2.184502 
 Mfc2    4.000000 0.944649 0.000000 6.667897 2.228782 
 Compar  7.103321 6.749077 6.667897 0.000000 6.918819 
 Ppmz    3.940959 2.184502 2.228782 6.918819 0.000000 


new_compatibilityTable_LtoL
          7Zip     Mfc1     Mfc2     Compar   Ppmz    
 7Zip    0.000000 0.254151 0.250000 0.443958 0.246310 
 Mfc1    0.254151 0.000000 0.059041 0.421817 0.136531 
 Mfc2    0.250000 0.059041 0.000000 0.416744 0.139299 
 Compar  0.443958 0.421817 0.416744 0.000000 0.432426 
 Ppmz    0.246310 0.136531 0.139299 0.432426 0.000000 


