compatibilityTable_LtoL
          7Zip     Mfc1     Mfc2     Compar   Ppmz    
 7Zip    0.000000 4.083333 3.990741 7.101852 3.981482 
 Mfc1    4.083333 0.000000 0.888889 6.907407 2.222222 
 Mfc2    3.990741 0.888889 0.000000 6.759259 2.203704 
 Compar  7.101852 6.907407 6.759259 0.000000 7.092593 
 Ppmz    3.981482 2.222222 2.203704 7.092593 0.000000 


new_compatibilityTable_LtoL
          7Zip     Mfc1     Mfc2     Compar   Ppmz    
 7Zip    0.000000 0.255208 0.249421 0.443866 0.248843 
 Mfc1    0.255208 0.000000 0.055556 0.431713 0.138889 
 Mfc2    0.249421 0.055556 0.000000 0.422454 0.137731 
 Compar  0.443866 0.431713 0.422454 0.000000 0.443287 
 Ppmz    0.248843 0.138889 0.137731 0.443287 0.000000 


