compatibilityTable_LtoL
          7Zip     Mfc1     Mfc2     Compar   Ppmz    
 7Zip    0.000000 3.615385 3.500000 5.692307 3.115385 
 Mfc1    3.615385 0.000000 0.846154 5.192307 2.038461 
 Mfc2    3.500000 0.846154 0.000000 5.269231 1.769231 
 Compar  5.692307 5.192307 5.269231 0.000000 5.615385 
 Ppmz    3.115385 2.038461 1.769231 5.615385 0.000000 


new_compatibilityTable_LtoL
          7Zip     Mfc1     Mfc2     Compar   Ppmz    
 7Zip    0.000000 0.225962 0.218750 0.355769 0.194712 
 Mfc1    0.225962 0.000000 0.052885 0.324519 0.127404 
 Mfc2    0.218750 0.052885 0.000000 0.329327 0.110577 
 Compar  0.355769 0.324519 0.329327 0.000000 0.350962 
 Ppmz    0.194712 0.127404 0.110577 0.350962 0.000000 


