compatibilityTable_LtoL
          7Zip     Mfc1     Mfc2     Compar   Ppmz    
 7Zip    0.000000 3.731343 3.671642 6.731343 3.656716 
 Mfc1    3.731343 0.000000 0.910448 6.492537 2.238806 
 Mfc2    3.671642 0.910448 0.000000 6.343284 2.179105 
 Compar  6.731343 6.492537 6.343284 0.000000 6.701492 
 Ppmz    3.656716 2.238806 2.179105 6.701492 0.000000 


new_compatibilityTable_LtoL
          7Zip     Mfc1     Mfc2     Compar   Ppmz    
 7Zip    0.000000 0.233209 0.229478 0.420709 0.228545 
 Mfc1    0.233209 0.000000 0.056903 0.405784 0.139925 
 Mfc2    0.229478 0.056903 0.000000 0.396455 0.136194 
 Compar  0.420709 0.405784 0.396455 0.000000 0.418843 
 Ppmz    0.228545 0.139925 0.136194 0.418843 0.000000 


