compatibilityTable_LtoL
          7Zip     Mfc1     Mfc2     Compar   Ppmz    
 7Zip    0.000000 4.104167 4.048611 7.062500 3.979167 
 Mfc1    4.104167 0.000000 0.916667 6.770833 2.173611 
 Mfc2    4.048611 0.916667 0.000000 6.673611 2.208333 
 Compar  7.062500 6.770833 6.673611 0.000000 6.916667 
 Ppmz    3.979167 2.173611 2.208333 6.916667 0.000000 


new_compatibilityTable_LtoL
          7Zip     Mfc1     Mfc2     Compar   Ppmz    
 7Zip    0.000000 0.256510 0.253038 0.441406 0.248698 
 Mfc1    0.256510 0.000000 0.057292 0.423177 0.135851 
 Mfc2    0.253038 0.057292 0.000000 0.417101 0.138021 
 Compar  0.441406 0.423177 0.417101 0.000000 0.432292 
 Ppmz    0.248698 0.135851 0.138021 0.432292 0.000000 


