compatibilityTable_LtoL
          7Zip     Mfc1     Mfc2     Compar   Ppmz    
 7Zip    0.000000 4.173554 4.107438 7.231405 4.099174 
 Mfc1    4.173554 0.000000 1.024793 6.942149 2.264463 
 Mfc2    4.107438 1.024793 0.000000 6.842975 2.314049 
 Compar  7.231405 6.942149 6.842975 0.000000 7.082644 
 Ppmz    4.099174 2.264463 2.314049 7.082644 0.000000 


new_compatibilityTable_LtoL
          7Zip     Mfc1     Mfc2     Compar   Ppmz    
 7Zip    0.000000 0.260847 0.256715 0.451963 0.256198 
 Mfc1    0.260847 0.000000 0.064050 0.433884 0.141529 
 Mfc2    0.256715 0.064050 0.000000 0.427686 0.144628 
 Compar  0.451963 0.433884 0.427686 0.000000 0.442665 
 Ppmz    0.256198 0.141529 0.144628 0.442665 0.000000 


