compatibilityTable_LtoL
          7Zip     Mfc1     Mfc2     Compar   Ppmz    
 7Zip    0.000000 3.811024 3.669291 6.622047 3.653543 
 Mfc1    3.811024 0.000000 0.881890 6.401575 2.220472 
 Mfc2    3.669291 0.881890 0.000000 6.259842 2.157480 
 Compar  6.622047 6.401575 6.259842 0.000000 6.590551 
 Ppmz    3.653543 2.220472 2.157480 6.590551 0.000000 


new_compatibilityTable_LtoL
          7Zip     Mfc1     Mfc2     Compar   Ppmz    
 7Zip    0.000000 0.238189 0.229331 0.413878 0.228346 
 Mfc1    0.238189 0.000000 0.055118 0.400098 0.138780 
 Mfc2    0.229331 0.055118 0.000000 0.391240 0.134843 
 Compar  0.413878 0.400098 0.391240 0.000000 0.411909 
 Ppmz    0.228346 0.138780 0.134843 0.411909 0.000000 


