compatibilityTable_LtoL
          7Zip     Mfc1     Mfc2     Compar   Ppmz    
 7Zip    0.000000 4.082949 3.990783 7.101382 3.981567 
 Mfc1    4.082949 0.000000 0.884793 6.898618 2.230415 
 Mfc2    3.990783 0.884793 0.000000 6.751152 2.211982 
 Compar  7.101382 6.898618 6.751152 0.000000 7.073733 
 Ppmz    3.981567 2.230415 2.211982 7.073733 0.000000 


new_compatibilityTable_LtoL
          7Zip     Mfc1     Mfc2     Compar   Ppmz    
 7Zip    0.000000 0.255184 0.249424 0.443836 0.248848 
 Mfc1    0.255184 0.000000 0.055300 0.431164 0.139401 
 Mfc2    0.249424 0.055300 0.000000 0.421947 0.138249 
 Compar  0.443836 0.431164 0.421947 0.000000 0.442108 
 Ppmz    0.248848 0.139401 0.138249 0.442108 0.000000 


