compatibilityTable_LtoL
          7Zip     Mfc1     Mfc2     Compar   Ppmz    
 7Zip    0.000000 4.130435 4.010870 7.108696 4.032609 
 Mfc1    4.130435 0.000000 0.967391 6.891304 2.315217 
 Mfc2    4.010870 0.967391 0.000000 6.739130 2.282609 
 Compar  7.108696 6.891304 6.739130 0.000000 7.054348 
 Ppmz    4.032609 2.315217 2.282609 7.054348 0.000000 


new_compatibilityTable_LtoL
          7Zip     Mfc1     Mfc2     Compar   Ppmz    
 7Zip    0.000000 0.258152 0.250679 0.444293 0.252038 
 Mfc1    0.258152 0.000000 0.060462 0.430707 0.144701 
 Mfc2    0.250679 0.060462 0.000000 0.421196 0.142663 
 Compar  0.444293 0.430707 0.421196 0.000000 0.440897 
 Ppmz    0.252038 0.144701 0.142663 0.440897 0.000000 


