compatibilityTable_LtoL
          7Zip     Mfc1     Mfc2     Compar   Ppmz    
 7Zip    0.000000 3.828571 3.742857 6.885714 3.757143 
 Mfc1    3.828571 0.000000 0.928571 6.657143 2.357143 
 Mfc2    3.742857 0.928571 0.000000 6.514286 2.285714 
 Compar  6.885714 6.657143 6.514286 0.000000 6.885714 
 Ppmz    3.757143 2.357143 2.285714 6.885714 0.000000 


new_compatibilityTable_LtoL
          7Zip     Mfc1     Mfc2     Compar   Ppmz    
 7Zip    0.000000 0.239286 0.233929 0.430357 0.234821 
 Mfc1    0.239286 0.000000 0.058036 0.416071 0.147321 
 Mfc2    0.233929 0.058036 0.000000 0.407143 0.142857 
 Compar  0.430357 0.416071 0.407143 0.000000 0.430357 
 Ppmz    0.234821 0.147321 0.142857 0.430357 0.000000 


