compatibilityTable_LtoL
          7Zip     Mfc1     Mfc2     Compar   Ppmz    
 7Zip    0.000000 4.008889 3.928889 6.982222 3.920000 
 Mfc1    4.008889 0.000000 0.871111 6.768889 2.160000 
 Mfc2    3.928889 0.871111 0.000000 6.644444 2.160000 
 Compar  6.982222 6.768889 6.644444 0.000000 6.928889 
 Ppmz    3.920000 2.160000 2.160000 6.928889 0.000000 


new_compatibilityTable_LtoL
          7Zip     Mfc1     Mfc2     Compar   Ppmz    
 7Zip    0.000000 0.250556 0.245556 0.436389 0.245000 
 Mfc1    0.250556 0.000000 0.054444 0.423056 0.135000 
 Mfc2    0.245556 0.054444 0.000000 0.415278 0.135000 
 Compar  0.436389 0.423056 0.415278 0.000000 0.433056 
 Ppmz    0.245000 0.135000 0.135000 0.433056 0.000000 


