compatibilityTable_LtoL
          7Zip     Mfc1     Mfc2     Compar   Ppmz    
 7Zip    0.000000 4.518518 4.296296 7.370370 3.777778 
 Mfc1    4.518518 0.000000 0.888889 6.037037 2.370370 
 Mfc2    4.296296 0.888889 0.000000 6.185185 2.000000 
 Compar  7.370370 6.037037 6.185185 0.000000 7.000000 
 Ppmz    3.777778 2.370370 2.000000 7.000000 0.000000 


new_compatibilityTable_LtoL
          7Zip     Mfc1     Mfc2     Compar   Ppmz    
 7Zip    0.000000 0.282407 0.268519 0.460648 0.236111 
 Mfc1    0.282407 0.000000 0.055556 0.377315 0.148148 
 Mfc2    0.268519 0.055556 0.000000 0.386574 0.125000 
 Compar  0.460648 0.377315 0.386574 0.000000 0.437500 
 Ppmz    0.236111 0.148148 0.125000 0.437500 0.000000 


