compatibilityTable_LtoL
          7Zip     Mfc1     Mfc2     Compar   Ppmz    
 7Zip    0.000000 4.063492 3.947090 7.042328 3.936508 
 Mfc1    4.063492 0.000000 0.941799 6.830688 2.285714 
 Mfc2    3.947090 0.941799 0.000000 6.682539 2.253968 
 Compar  7.042328 6.830688 6.682539 0.000000 6.978836 
 Ppmz    3.936508 2.285714 2.253968 6.978836 0.000000 


new_compatibilityTable_LtoL
          7Zip     Mfc1     Mfc2     Compar   Ppmz    
 7Zip    0.000000 0.253968 0.246693 0.440145 0.246032 
 Mfc1    0.253968 0.000000 0.058862 0.426918 0.142857 
 Mfc2    0.246693 0.058862 0.000000 0.417659 0.140873 
 Compar  0.440145 0.426918 0.417659 0.000000 0.436177 
 Ppmz    0.246032 0.142857 0.140873 0.436177 0.000000 


