compatibilityTable_LtoL
          7Zip     Mfc1     Mfc2     Compar   Ppmz    
 7Zip    0.000000 3.673469 3.591837 5.775510 3.183673 
 Mfc1    3.673469 0.000000 0.857143 5.285714 2.122449 
 Mfc2    3.591837 0.857143 0.000000 5.408163 1.795918 
 Compar  5.775510 5.285714 5.408163 0.000000 5.693878 
 Ppmz    3.183673 2.122449 1.795918 5.693878 0.000000 


new_compatibilityTable_LtoL
          7Zip     Mfc1     Mfc2     Compar   Ppmz    
 7Zip    0.000000 0.229592 0.224490 0.360969 0.198980 
 Mfc1    0.229592 0.000000 0.053571 0.330357 0.132653 
 Mfc2    0.224490 0.053571 0.000000 0.338010 0.112245 
 Compar  0.360969 0.330357 0.338010 0.000000 0.355867 
 Ppmz    0.198980 0.132653 0.112245 0.355867 0.000000 


