compatibilityTable_LtoL
          7Zip     Mfc1     Mfc2     Compar   Ppmz    
 7Zip    0.000000 3.769231 3.666667 6.794872 3.730769 
 Mfc1    3.769231 0.000000 0.910256 6.474359 2.333333 
 Mfc2    3.666667 0.910256 0.000000 6.371795 2.269231 
 Compar  6.794872 6.474359 6.371795 0.000000 6.679487 
 Ppmz    3.730769 2.333333 2.269231 6.679487 0.000000 


new_compatibilityTable_LtoL
          7Zip     Mfc1     Mfc2     Compar   Ppmz    
 7Zip    0.000000 0.235577 0.229167 0.424679 0.233173 
 Mfc1    0.235577 0.000000 0.056891 0.404647 0.145833 
 Mfc2    0.229167 0.056891 0.000000 0.398237 0.141827 
 Compar  0.424679 0.404647 0.398237 0.000000 0.417468 
 Ppmz    0.233173 0.145833 0.141827 0.417468 0.000000 


