compatibilityTable_LtoL
          7Zip     Mfc1     Mfc2     Compar   Ppmz    
 7Zip    0.000000 4.640000 4.320000 7.320000 3.680000 
 Mfc1    4.640000 0.000000 0.880000 5.960000 2.400000 
 Mfc2    4.320000 0.880000 0.000000 6.200000 2.000000 
 Compar  7.320000 5.960000 6.200000 0.000000 6.920000 
 Ppmz    3.680000 2.400000 2.000000 6.920000 0.000000 


new_compatibilityTable_LtoL
          7Zip     Mfc1     Mfc2     Compar   Ppmz    
 7Zip    0.000000 0.290000 0.270000 0.457500 0.230000 
 Mfc1    0.290000 0.000000 0.055000 0.372500 0.150000 
 Mfc2    0.270000 0.055000 0.000000 0.387500 0.125000 
 Compar  0.457500 0.372500 0.387500 0.000000 0.432500 
 Ppmz    0.230000 0.150000 0.125000 0.432500 0.000000 


