compatibilityTable_LtoL
          7Zip     Mfc1     Mfc2     Compar   Ppmz    
 7Zip    0.000000 3.522388 3.402985 5.626866 3.104478 
 Mfc1    3.522388 0.000000 0.686567 5.179104 1.940299 
 Mfc2    3.402985 0.686567 0.000000 5.208955 1.701493 
 Compar  5.626866 5.179104 5.208955 0.000000 5.507463 
 Ppmz    3.104478 1.940299 1.701493 5.507463 0.000000 


new_compatibilityTable_LtoL
          7Zip     Mfc1     Mfc2     Compar   Ppmz    
 7Zip    0.000000 0.220149 0.212687 0.351679 0.194030 
 Mfc1    0.220149 0.000000 0.042910 0.323694 0.121269 
 Mfc2    0.212687 0.042910 0.000000 0.325560 0.106343 
 Compar  0.351679 0.323694 0.325560 0.000000 0.344216 
 Ppmz    0.194030 0.121269 0.106343 0.344216 0.000000 


