compatibilityTable_LtoL
          7Zip     Mfc1     Mfc2     Compar   Ppmz    
 7Zip    0.000000 3.750000 3.568182 6.363636 3.613636 
 Mfc1    3.750000 0.000000 0.795455 6.113636 2.113636 
 Mfc2    3.568182 0.795455 0.000000 6.113636 2.022727 
 Compar  6.363636 6.113636 6.113636 0.000000 6.318182 
 Ppmz    3.613636 2.113636 2.022727 6.318182 0.000000 


new_compatibilityTable_LtoL
          7Zip     Mfc1     Mfc2     Compar   Ppmz    
 7Zip    0.000000 0.234375 0.223011 0.397727 0.225852 
 Mfc1    0.234375 0.000000 0.049716 0.382102 0.132102 
 Mfc2    0.223011 0.049716 0.000000 0.382102 0.126420 
 Compar  0.397727 0.382102 0.382102 0.000000 0.394886 
 Ppmz    0.225852 0.132102 0.126420 0.394886 0.000000 


