compatibilityTable_LtoL
          7Zip     Mfc1     Mfc2     Compar   Ppmz    
 7Zip    0.000000 3.798658 3.704698 6.771812 3.718121 
 Mfc1    3.798658 0.000000 0.939597 6.463087 2.322148 
 Mfc2    3.704698 0.939597 0.000000 6.355705 2.268456 
 Compar  6.771812 6.463087 6.355705 0.000000 6.651007 
 Ppmz    3.718121 2.322148 2.268456 6.651007 0.000000 


new_compatibilityTable_LtoL
          7Zip     Mfc1     Mfc2     Compar   Ppmz    
 7Zip    0.000000 0.237416 0.231544 0.423238 0.232383 
 Mfc1    0.237416 0.000000 0.058725 0.403943 0.145134 
 Mfc2    0.231544 0.058725 0.000000 0.397232 0.141779 
 Compar  0.423238 0.403943 0.397232 0.000000 0.415688 
 Ppmz    0.232383 0.145134 0.141779 0.415688 0.000000 


