compatibilityTable_LtoL
          7Zip     Mfc1     Mfc2     Compar   Ppmz    
 7Zip    0.000000 4.114286 4.000000 7.171429 4.022857 
 Mfc1    4.114286 0.000000 0.960000 6.977143 2.274286 
 Mfc2    4.000000 0.960000 0.000000 6.851429 2.251429 
 Compar  7.171429 6.977143 6.851429 0.000000 7.148571 
 Ppmz    4.022857 2.274286 2.251429 7.148571 0.000000 


new_compatibilityTable_LtoL
          7Zip     Mfc1     Mfc2     Compar   Ppmz    
 7Zip    0.000000 0.257143 0.250000 0.448214 0.251429 
 Mfc1    0.257143 0.000000 0.060000 0.436071 0.142143 
 Mfc2    0.250000 0.060000 0.000000 0.428214 0.140714 
 Compar  0.448214 0.436071 0.428214 0.000000 0.446786 
 Ppmz    0.251429 0.142143 0.140714 0.446786 0.000000 


