compatibilityTable_LtoL
          7Zip     Mfc1     Mfc2     Compar   Ppmz    
 7Zip    0.000000 4.127451 4.019608 7.000000 3.990196 
 Mfc1    4.127451 0.000000 0.882353 6.794117 2.225490 
 Mfc2    4.019608 0.882353 0.000000 6.656863 2.196079 
 Compar  7.000000 6.794117 6.656863 0.000000 6.950980 
 Ppmz    3.990196 2.225490 2.196079 6.950980 0.000000 


new_compatibilityTable_LtoL
          7Zip     Mfc1     Mfc2     Compar   Ppmz    
 7Zip    0.000000 0.257966 0.251226 0.437500 0.249387 
 Mfc1    0.257966 0.000000 0.055147 0.424632 0.139093 
 Mfc2    0.251226 0.055147 0.000000 0.416054 0.137255 
 Compar  0.437500 0.424632 0.416054 0.000000 0.434436 
 Ppmz    0.249387 0.139093 0.137255 0.434436 0.000000 


