compatibilityTable_LtoL
          7Zip     Mfc1     Mfc2     Compar   Ppmz    
 7Zip    0.000000 3.743590 3.641026 6.658120 3.623932 
 Mfc1    3.743590 0.000000 0.837607 6.452991 2.239316 
 Mfc2    3.641026 0.837607 0.000000 6.333333 2.170940 
 Compar  6.658120 6.452991 6.333333 0.000000 6.641026 
 Ppmz    3.623932 2.239316 2.170940 6.641026 0.000000 


new_compatibilityTable_LtoL
          7Zip     Mfc1     Mfc2     Compar   Ppmz    
 7Zip    0.000000 0.233974 0.227564 0.416132 0.226496 
 Mfc1    0.233974 0.000000 0.052350 0.403312 0.139957 
 Mfc2    0.227564 0.052350 0.000000 0.395833 0.135684 
 Compar  0.416132 0.403312 0.395833 0.000000 0.415064 
 Ppmz    0.226496 0.139957 0.135684 0.415064 0.000000 


