compatibilityTable_LtoL
          7Zip     Mfc1     Mfc2     Compar   Ppmz    
 7Zip    0.000000 3.508772 3.403509 5.561403 3.052632 
 Mfc1    3.508772 0.000000 0.771930 5.175438 1.929825 
 Mfc2    3.403509 0.771930 0.000000 5.245614 1.684211 
 Compar  5.561403 5.175438 5.245614 0.000000 5.526316 
 Ppmz    3.052632 1.929825 1.684211 5.526316 0.000000 


new_compatibilityTable_LtoL
          7Zip     Mfc1     Mfc2     Compar   Ppmz    
 7Zip    0.000000 0.219298 0.212719 0.347588 0.190789 
 Mfc1    0.219298 0.000000 0.048246 0.323465 0.120614 
 Mfc2    0.212719 0.048246 0.000000 0.327851 0.105263 
 Compar  0.347588 0.323465 0.327851 0.000000 0.345395 
 Ppmz    0.190789 0.120614 0.105263 0.345395 0.000000 


