compatibilityTable_LtoL
          7Zip     Mfc1     Mfc2     Compar   Ppmz    
 7Zip    0.000000 3.612903 3.483871 5.709677 3.161290 
 Mfc1    3.612903 0.000000 0.741935 5.290323 2.000000 
 Mfc2    3.483871 0.741935 0.000000 5.322581 1.741935 
 Compar  5.709677 5.290323 5.322581 0.000000 5.612903 
 Ppmz    3.161290 2.000000 1.741935 5.612903 0.000000 


new_compatibilityTable_LtoL
          7Zip     Mfc1     Mfc2     Compar   Ppmz    
 7Zip    0.000000 0.225806 0.217742 0.356855 0.197581 
 Mfc1    0.225806 0.000000 0.046371 0.330645 0.125000 
 Mfc2    0.217742 0.046371 0.000000 0.332661 0.108871 
 Compar  0.356855 0.330645 0.332661 0.000000 0.350806 
 Ppmz    0.197581 0.125000 0.108871 0.350806 0.000000 


