compatibilityTable_LtoL
          7Zip     Mfc1     Mfc2     Compar   Ppmz    
 7Zip    0.000000 3.333333 2.333333 6.333333 1.666667 
 Mfc1    3.333333 0.000000 1.333333 5.333333 2.000000 
 Mfc2    2.333333 1.333333 0.000000 6.000000 0.666667 
 Compar  6.333333 5.333333 6.000000 0.000000 6.333333 
 Ppmz    1.666667 2.000000 0.666667 6.333333 0.000000 


new_compatibilityTable_LtoL
          7Zip     Mfc1     Mfc2     Compar   Ppmz    
 7Zip    0.000000 0.208333 0.145833 0.395833 0.104167 
 Mfc1    0.208333 0.000000 0.083333 0.333333 0.125000 
 Mfc2    0.145833 0.083333 0.000000 0.375000 0.041667 
 Compar  0.395833 0.333333 0.375000 0.000000 0.395833 
 Ppmz    0.104167 0.125000 0.041667 0.395833 0.000000 


