compatibilityTable_LtoL
          7Zip     Mfc1     Mfc2     Compar   Ppmz    
 7Zip    0.000000 4.138528 4.060606 7.077922 4.051948 
 Mfc1    4.138528 0.000000 1.038961 6.818182 2.242424 
 Mfc2    4.060606 1.038961 0.000000 6.705628 2.294372 
 Compar  7.077922 6.818182 6.705628 0.000000 6.974026 
 Ppmz    4.051948 2.242424 2.294372 6.974026 0.000000 


new_compatibilityTable_LtoL
          7Zip     Mfc1     Mfc2     Compar   Ppmz    
 7Zip    0.000000 0.258658 0.253788 0.442370 0.253247 
 Mfc1    0.258658 0.000000 0.064935 0.426136 0.140152 
 Mfc2    0.253788 0.064935 0.000000 0.419102 0.143398 
 Compar  0.442370 0.426136 0.419102 0.000000 0.435877 
 Ppmz    0.253247 0.140152 0.143398 0.435877 0.000000 


