compatibilityTable_LtoL
          7Zip     Mfc1     Mfc2     Compar   Ppmz    
 7Zip    0.000000 4.101695 4.000000 7.180791 4.056497 
 Mfc1    4.101695 0.000000 0.960452 6.954802 2.327684 
 Mfc2    4.000000 0.960452 0.000000 6.830509 2.305085 
 Compar  7.180791 6.954802 6.830509 0.000000 7.146893 
 Ppmz    4.056497 2.327684 2.305085 7.146893 0.000000 


new_compatibilityTable_LtoL
          7Zip     Mfc1     Mfc2     Compar   Ppmz    
 7Zip    0.000000 0.256356 0.250000 0.448799 0.253531 
 Mfc1    0.256356 0.000000 0.060028 0.434675 0.145480 
 Mfc2    0.250000 0.060028 0.000000 0.426907 0.144068 
 Compar  0.448799 0.434675 0.426907 0.000000 0.446681 
 Ppmz    0.253531 0.145480 0.144068 0.446681 0.000000 


