compatibilityTable_LtoL
          7Zip     Mfc1     Mfc2     Compar   Ppmz    
 7Zip    0.000000 4.154471 4.081301 7.243902 4.048780 
 Mfc1    4.154471 0.000000 1.016260 6.951220 2.260163 
 Mfc2    4.081301 1.016260 0.000000 6.853659 2.300813 
 Compar  7.243902 6.951220 6.853659 0.000000 7.089431 
 Ppmz    4.048780 2.260163 2.300813 7.089431 0.000000 


new_compatibilityTable_LtoL
          7Zip     Mfc1     Mfc2     Compar   Ppmz    
 7Zip    0.000000 0.259654 0.255081 0.452744 0.253049 
 Mfc1    0.259654 0.000000 0.063516 0.434451 0.141260 
 Mfc2    0.255081 0.063516 0.000000 0.428354 0.143801 
 Compar  0.452744 0.434451 0.428354 0.000000 0.443089 
 Ppmz    0.253049 0.141260 0.143801 0.443089 0.000000 


