compatibilityTable_LtoL
          7Zip     Mfc1     Mfc2     Compar   Ppmz    
 7Zip    0.000000 4.102389 4.054607 6.986348 3.945393 
 Mfc1    4.102389 0.000000 0.907850 6.754266 2.177474 
 Mfc2    4.054607 0.907850 0.000000 6.658703 2.218430 
 Compar  6.986348 6.754266 6.658703 0.000000 6.877133 
 Ppmz    3.945393 2.177474 2.218430 6.877133 0.000000 


new_compatibilityTable_LtoL
          7Zip     Mfc1     Mfc2     Compar   Ppmz    
 7Zip    0.000000 0.256399 0.253413 0.436647 0.246587 
 Mfc1    0.256399 0.000000 0.056741 0.422142 0.136092 
 Mfc2    0.253413 0.056741 0.000000 0.416169 0.138652 
 Compar  0.436647 0.422142 0.416169 0.000000 0.429821 
 Ppmz    0.246587 0.136092 0.138652 0.429821 0.000000 


