compatibilityTable_LtoL
          7Zip     Mfc1     Mfc2     Compar   Ppmz    
 7Zip    0.000000 3.588235 3.450980 6.509804 3.509804 
 Mfc1    3.588235 0.000000 0.705882 6.196078 2.058824 
 Mfc2    3.450980 0.705882 0.000000 6.196078 2.000000 
 Compar  6.509804 6.196078 6.196078 0.000000 6.431373 
 Ppmz    3.509804 2.058824 2.000000 6.431373 0.000000 


new_compatibilityTable_LtoL
          7Zip     Mfc1     Mfc2     Compar   Ppmz    
 7Zip    0.000000 0.224265 0.215686 0.406863 0.219363 
 Mfc1    0.224265 0.000000 0.044118 0.387255 0.128676 
 Mfc2    0.215686 0.044118 0.000000 0.387255 0.125000 
 Compar  0.406863 0.387255 0.387255 0.000000 0.401961 
 Ppmz    0.219363 0.128676 0.125000 0.401961 0.000000 


