compatibilityTable_LtoL
          7Zip     Mfc1     Mfc2     Compar   Ppmz    
 7Zip    0.000000 4.092527 4.021352 7.092527 3.978648 
 Mfc1    4.092527 0.000000 0.918149 6.793594 2.163701 
 Mfc2    4.021352 0.918149 0.000000 6.708185 2.199288 
 Compar  7.092527 6.793594 6.708185 0.000000 6.950178 
 Ppmz    3.978648 2.163701 2.199288 6.950178 0.000000 


new_compatibilityTable_LtoL
          7Zip     Mfc1     Mfc2     Compar   Ppmz    
 7Zip    0.000000 0.255783 0.251335 0.443283 0.248665 
 Mfc1    0.255783 0.000000 0.057384 0.424600 0.135231 
 Mfc2    0.251335 0.057384 0.000000 0.419262 0.137456 
 Compar  0.443283 0.424600 0.419262 0.000000 0.434386 
 Ppmz    0.248665 0.135231 0.137456 0.434386 0.000000 


