compatibilityTable_LtoL
          7Zip     Mfc1     Mfc2     Compar   Ppmz    
 7Zip    0.000000 4.000000 3.333333 8.333333 2.000000 
 Mfc1    4.000000 0.000000 0.666667 7.666667 2.000000 
 Mfc2    3.333333 0.666667 0.000000 8.333333 1.333333 
 Compar  8.333333 7.666667 8.333333 0.000000 9.000000 
 Ppmz    2.000000 2.000000 1.333333 9.000000 0.000000 


new_compatibilityTable_LtoL
          7Zip     Mfc1     Mfc2     Compar   Ppmz    
 7Zip    0.000000 0.250000 0.208333 0.520833 0.125000 
 Mfc1    0.250000 0.000000 0.041667 0.479167 0.125000 
 Mfc2    0.208333 0.041667 0.000000 0.520833 0.083333 
 Compar  0.520833 0.479167 0.520833 0.000000 0.562500 
 Ppmz    0.125000 0.125000 0.083333 0.562500 0.000000 


