compatibilityTable_LtoL
          7Zip     Mfc1     Mfc2     Compar   Ppmz    
 7Zip    0.000000 4.044843 3.955157 7.026906 3.955157 
 Mfc1    4.044843 0.000000 0.869955 6.811659 2.179372 
 Mfc2    3.955157 0.869955 0.000000 6.677130 2.170403 
 Compar  7.026906 6.811659 6.677130 0.000000 6.973094 
 Ppmz    3.955157 2.179372 2.170403 6.973094 0.000000 


new_compatibilityTable_LtoL
          7Zip     Mfc1     Mfc2     Compar   Ppmz    
 7Zip    0.000000 0.252803 0.247197 0.439182 0.247197 
 Mfc1    0.252803 0.000000 0.054372 0.425729 0.136211 
 Mfc2    0.247197 0.054372 0.000000 0.417321 0.135650 
 Compar  0.439182 0.425729 0.417321 0.000000 0.435818 
 Ppmz    0.247197 0.136211 0.135650 0.435818 0.000000 


