compatibilityTable_LtoL
          7Zip     Mfc1     Mfc2     Compar   Ppmz    
 7Zip    0.000000 4.011976 3.916168 6.892216 3.964072 
 Mfc1    4.011976 0.000000 0.946108 6.700599 2.311377 
 Mfc2    3.916168 0.946108 0.000000 6.580838 2.323353 
 Compar  6.892216 6.700599 6.580838 0.000000 6.880239 
 Ppmz    3.964072 2.311377 2.323353 6.880239 0.000000 


new_compatibilityTable_LtoL
          7Zip     Mfc1     Mfc2     Compar   Ppmz    
 7Zip    0.000000 0.250749 0.244760 0.430763 0.247754 
 Mfc1    0.250749 0.000000 0.059132 0.418787 0.144461 
 Mfc2    0.244760 0.059132 0.000000 0.411302 0.145210 
 Compar  0.430763 0.418787 0.411302 0.000000 0.430015 
 Ppmz    0.247754 0.144461 0.145210 0.430015 0.000000 


