compatibilityTable_LtoL
          7Zip     Mfc1     Mfc2     Compar   Ppmz    
 7Zip    0.000000 3.863354 3.763975 6.801242 3.801242 
 Mfc1    3.863354 0.000000 0.931677 6.540373 2.347826 
 Mfc2    3.763975 0.931677 0.000000 6.428571 2.322981 
 Compar  6.801242 6.540373 6.428571 0.000000 6.726708 
 Ppmz    3.801242 2.347826 2.322981 6.726708 0.000000 


new_compatibilityTable_LtoL
          7Zip     Mfc1     Mfc2     Compar   Ppmz    
 7Zip    0.000000 0.241460 0.235248 0.425078 0.237578 
 Mfc1    0.241460 0.000000 0.058230 0.408773 0.146739 
 Mfc2    0.235248 0.058230 0.000000 0.401786 0.145186 
 Compar  0.425078 0.408773 0.401786 0.000000 0.420419 
 Ppmz    0.237578 0.146739 0.145186 0.420419 0.000000 


