compatibilityTable_LtoL
          7Zip     Mfc1     Mfc2     Compar   Ppmz    
 7Zip    0.000000 3.647059 3.058824 6.176471 2.705882 
 Mfc1    3.647059 0.000000 0.705882 4.882353 2.117647 
 Mfc2    3.058824 0.705882 0.000000 5.235294 1.529412 
 Compar  6.176471 4.882353 5.235294 0.000000 5.941176 
 Ppmz    2.705882 2.117647 1.529412 5.941176 0.000000 


new_compatibilityTable_LtoL
          7Zip     Mfc1     Mfc2     Compar   Ppmz    
 7Zip    0.000000 0.227941 0.191176 0.386029 0.169118 
 Mfc1    0.227941 0.000000 0.044118 0.305147 0.132353 
 Mfc2    0.191176 0.044118 0.000000 0.327206 0.095588 
 Compar  0.386029 0.305147 0.327206 0.000000 0.371324 
 Ppmz    0.169118 0.132353 0.095588 0.371324 0.000000 


