compatibilityTable_LtoL
          7Zip     Mfc1     Mfc2     Compar   Ppmz    
 7Zip    0.000000 4.416667 4.166667 7.000000 3.583333 
 Mfc1    4.416667 0.000000 0.750000 5.666667 2.333333 
 Mfc2    4.166667 0.750000 0.000000 5.916667 1.916667 
 Compar  7.000000 5.666667 5.916667 0.000000 6.666667 
 Ppmz    3.583333 2.333333 1.916667 6.666667 0.000000 


new_compatibilityTable_LtoL
          7Zip     Mfc1     Mfc2     Compar   Ppmz    
 7Zip    0.000000 0.276042 0.260417 0.437500 0.223958 
 Mfc1    0.276042 0.000000 0.046875 0.354167 0.145833 
 Mfc2    0.260417 0.046875 0.000000 0.369792 0.119792 
 Compar  0.437500 0.354167 0.369792 0.000000 0.416667 
 Ppmz    0.223958 0.145833 0.119792 0.416667 0.000000 


