compatibilityTable_LtoL
          7Zip     Mfc1     Mfc2     Compar   Ppmz    
 7Zip    0.000000 4.093750 4.023438 7.195312 3.992188 
 Mfc1    4.093750 0.000000 0.992188 6.851562 2.218750 
 Mfc2    4.023438 0.992188 0.000000 6.773438 2.265625 
 Compar  7.195312 6.851562 6.773438 0.000000 7.015625 
 Ppmz    3.992188 2.218750 2.265625 7.015625 0.000000 


new_compatibilityTable_LtoL
          7Zip     Mfc1     Mfc2     Compar   Ppmz    
 7Zip    0.000000 0.255859 0.251465 0.449707 0.249512 
 Mfc1    0.255859 0.000000 0.062012 0.428223 0.138672 
 Mfc2    0.251465 0.062012 0.000000 0.423340 0.141602 
 Compar  0.449707 0.428223 0.423340 0.000000 0.438477 
 Ppmz    0.249512 0.138672 0.141602 0.438477 0.000000 


