compatibilityTable_LtoL
          7Zip     Mfc1     Mfc2     Compar   Ppmz    
 7Zip    0.000000 4.235294 3.941176 6.823529 3.588235 
 Mfc1    4.235294 0.000000 0.941176 5.882353 2.352941 
 Mfc2    3.941176 0.941176 0.000000 5.882353 1.823529 
 Compar  6.823529 5.882353 5.882353 0.000000 6.529412 
 Ppmz    3.588235 2.352941 1.823529 6.529412 0.000000 


new_compatibilityTable_LtoL
          7Zip     Mfc1     Mfc2     Compar   Ppmz    
 7Zip    0.000000 0.264706 0.246324 0.426471 0.224265 
 Mfc1    0.264706 0.000000 0.058824 0.367647 0.147059 
 Mfc2    0.246324 0.058824 0.000000 0.367647 0.113971 
 Compar  0.426471 0.367647 0.367647 0.000000 0.408088 
 Ppmz    0.224265 0.147059 0.113971 0.408088 0.000000 


