compatibilityTable_LtoL
          7Zip     Mfc1     Mfc2     Compar   Ppmz    
 7Zip    0.000000 3.822222 3.733333 5.933333 3.288889 
 Mfc1    3.822222 0.000000 0.933333 5.355556 2.177778 
 Mfc2    3.733333 0.933333 0.000000 5.488889 1.822222 
 Compar  5.933333 5.355556 5.488889 0.000000 5.888889 
 Ppmz    3.288889 2.177778 1.822222 5.888889 0.000000 


new_compatibilityTable_LtoL
          7Zip     Mfc1     Mfc2     Compar   Ppmz    
 7Zip    0.000000 0.238889 0.233333 0.370833 0.205556 
 Mfc1    0.238889 0.000000 0.058333 0.334722 0.136111 
 Mfc2    0.233333 0.058333 0.000000 0.343056 0.113889 
 Compar  0.370833 0.334722 0.343056 0.000000 0.368056 
 Ppmz    0.205556 0.136111 0.113889 0.368056 0.000000 


