compatibilityTable_LtoL
          7Zip     Mfc1     Mfc2     Compar   Ppmz    
 7Zip    0.000000 4.119048 4.047619 7.182539 4.007936 
 Mfc1    4.119048 0.000000 1.007936 6.841270 2.230159 
 Mfc2    4.047619 1.007936 0.000000 6.761905 2.277778 
 Compar  7.182539 6.841270 6.761905 0.000000 6.992064 
 Ppmz    4.007936 2.230159 2.277778 6.992064 0.000000 


new_compatibilityTable_LtoL
          7Zip     Mfc1     Mfc2     Compar   Ppmz    
 7Zip    0.000000 0.257440 0.252976 0.448909 0.250496 
 Mfc1    0.257440 0.000000 0.062996 0.427579 0.139385 
 Mfc2    0.252976 0.062996 0.000000 0.422619 0.142361 
 Compar  0.448909 0.427579 0.422619 0.000000 0.437004 
 Ppmz    0.250496 0.139385 0.142361 0.437004 0.000000 


