compatibilityTable_LtoL
          7Zip     Mfc1     Mfc2     Compar   Ppmz    
 7Zip    0.000000 4.073684 3.957895 7.021053 3.936842 
 Mfc1    4.073684 0.000000 0.936842 6.821053 2.294737 
 Mfc2    3.957895 0.936842 0.000000 6.673684 2.263158 
 Compar  7.021053 6.821053 6.673684 0.000000 6.957895 
 Ppmz    3.936842 2.294737 2.263158 6.957895 0.000000 


new_compatibilityTable_LtoL
          7Zip     Mfc1     Mfc2     Compar   Ppmz    
 7Zip    0.000000 0.254605 0.247368 0.438816 0.246053 
 Mfc1    0.254605 0.000000 0.058553 0.426316 0.143421 
 Mfc2    0.247368 0.058553 0.000000 0.417105 0.141447 
 Compar  0.438816 0.426316 0.417105 0.000000 0.434868 
 Ppmz    0.246053 0.143421 0.141447 0.434868 0.000000 


