compatibilityTable_LtoL
          7Zip     Mfc1     Mfc2     Compar   Ppmz    
 7Zip    0.000000 3.538461 3.410256 5.871795 3.333333 
 Mfc1    3.538461 0.000000 0.615385 5.461538 2.102564 
 Mfc2    3.410256 0.615385 0.000000 5.487179 1.871795 
 Compar  5.871795 5.461538 5.487179 0.000000 5.666667 
 Ppmz    3.333333 2.102564 1.871795 5.666667 0.000000 


new_compatibilityTable_LtoL
          7Zip     Mfc1     Mfc2     Compar   Ppmz    
 7Zip    0.000000 0.221154 0.213141 0.366987 0.208333 
 Mfc1    0.221154 0.000000 0.038462 0.341346 0.131410 
 Mfc2    0.213141 0.038462 0.000000 0.342949 0.116987 
 Compar  0.366987 0.341346 0.342949 0.000000 0.354167 
 Ppmz    0.208333 0.131410 0.116987 0.354167 0.000000 


