compatibilityTable_LtoL
          7Zip     Mfc1     Mfc2     Compar   Ppmz    
 7Zip    0.000000 3.584906 3.471698 5.641510 3.094340 
 Mfc1    3.584906 0.000000 0.830189 5.113207 2.000000 
 Mfc2    3.471698 0.830189 0.000000 5.188679 1.735849 
 Compar  5.641510 5.113207 5.188679 0.000000 5.528302 
 Ppmz    3.094340 2.000000 1.735849 5.528302 0.000000 


new_compatibilityTable_LtoL
          7Zip     Mfc1     Mfc2     Compar   Ppmz    
 7Zip    0.000000 0.224057 0.216981 0.352594 0.193396 
 Mfc1    0.224057 0.000000 0.051887 0.319575 0.125000 
 Mfc2    0.216981 0.051887 0.000000 0.324292 0.108491 
 Compar  0.352594 0.319575 0.324292 0.000000 0.345519 
 Ppmz    0.193396 0.125000 0.108491 0.345519 0.000000 


