compatibilityTable_LtoL
          7Zip     Mfc1     Mfc2     Compar   Ppmz    
 7Zip    0.000000 4.285714 4.000000 6.809524 3.428571 
 Mfc1    4.285714 0.000000 0.857143 5.571429 2.571429 
 Mfc2    4.000000 0.857143 0.000000 5.857143 2.095238 
 Compar  6.809524 5.571429 5.857143 0.000000 6.619048 
 Ppmz    3.428571 2.571429 2.095238 6.619048 0.000000 


new_compatibilityTable_LtoL
          7Zip     Mfc1     Mfc2     Compar   Ppmz    
 7Zip    0.000000 0.267857 0.250000 0.425595 0.214286 
 Mfc1    0.267857 0.000000 0.053571 0.348214 0.160714 
 Mfc2    0.250000 0.053571 0.000000 0.366071 0.130952 
 Compar  0.425595 0.348214 0.366071 0.000000 0.413690 
 Ppmz    0.214286 0.160714 0.130952 0.413690 0.000000 


