compatibilityTable_LtoL
          7Zip     Mfc1     Mfc2     Compar   Ppmz    
 7Zip    0.000000 3.484848 3.363636 5.545455 3.060606 
 Mfc1    3.484848 0.000000 0.696970 5.090909 1.909091 
 Mfc2    3.363636 0.696970 0.000000 5.121212 1.666667 
 Compar  5.545455 5.090909 5.121212 0.000000 5.424242 
 Ppmz    3.060606 1.909091 1.666667 5.424242 0.000000 


new_compatibilityTable_LtoL
          7Zip     Mfc1     Mfc2     Compar   Ppmz    
 7Zip    0.000000 0.217803 0.210227 0.346591 0.191288 
 Mfc1    0.217803 0.000000 0.043561 0.318182 0.119318 
 Mfc2    0.210227 0.043561 0.000000 0.320076 0.104167 
 Compar  0.346591 0.318182 0.320076 0.000000 0.339015 
 Ppmz    0.191288 0.119318 0.104167 0.339015 0.000000 


