compatibilityTable_LtoL
          7Zip     Mfc1     Mfc2     Compar   Ppmz    
 7Zip    0.000000 3.666667 3.592592 6.611111 3.555556 
 Mfc1    3.666667 0.000000 0.740741 6.333333 2.129630 
 Mfc2    3.592592 0.740741 0.000000 6.277778 2.111111 
 Compar  6.611111 6.333333 6.277778 0.000000 6.592593 
 Ppmz    3.555556 2.129630 2.111111 6.592593 0.000000 


new_compatibilityTable_LtoL
          7Zip     Mfc1     Mfc2     Compar   Ppmz    
 7Zip    0.000000 0.229167 0.224537 0.413194 0.222222 
 Mfc1    0.229167 0.000000 0.046296 0.395833 0.133102 
 Mfc2    0.224537 0.046296 0.000000 0.392361 0.131944 
 Compar  0.413194 0.395833 0.392361 0.000000 0.412037 
 Ppmz    0.222222 0.133102 0.131944 0.412037 0.000000 


