compatibilityTable_LtoL
          7Zip     Mfc1     Mfc2     Compar   Ppmz    
 7Zip    0.000000 3.650486 3.553398 6.592233 3.495146 
 Mfc1    3.650486 0.000000 0.757282 6.281553 2.135922 
 Mfc2    3.553398 0.757282 0.000000 6.242718 2.116505 
 Compar  6.592233 6.281553 6.242718 0.000000 6.514563 
 Ppmz    3.495146 2.135922 2.116505 6.514563 0.000000 


new_compatibilityTable_LtoL
          7Zip     Mfc1     Mfc2     Compar   Ppmz    
 7Zip    0.000000 0.228155 0.222087 0.412015 0.218447 
 Mfc1    0.228155 0.000000 0.047330 0.392597 0.133495 
 Mfc2    0.222087 0.047330 0.000000 0.390170 0.132282 
 Compar  0.412015 0.392597 0.390170 0.000000 0.407160 
 Ppmz    0.218447 0.133495 0.132282 0.407160 0.000000 


