compatibilityTable_LtoL
          7Zip     Mfc1     Mfc2     Compar   Ppmz    
 7Zip    0.000000 3.578947 3.447368 5.947369 3.368421 
 Mfc1    3.578947 0.000000 0.631579 5.552631 2.157895 
 Mfc2    3.447368 0.631579 0.000000 5.578948 1.921053 
 Compar  5.947369 5.552631 5.578948 0.000000 5.763158 
 Ppmz    3.368421 2.157895 1.921053 5.763158 0.000000 


new_compatibilityTable_LtoL
          7Zip     Mfc1     Mfc2     Compar   Ppmz    
 7Zip    0.000000 0.223684 0.215461 0.371711 0.210526 
 Mfc1    0.223684 0.000000 0.039474 0.347039 0.134868 
 Mfc2    0.215461 0.039474 0.000000 0.348684 0.120066 
 Compar  0.371711 0.347039 0.348684 0.000000 0.360197 
 Ppmz    0.210526 0.134868 0.120066 0.360197 0.000000 


