compatibilityTable_LtoL
          7Zip     Mfc1     Mfc2     Compar   Ppmz    
 7Zip    0.000000 3.687500 3.541667 6.500000 3.562500 
 Mfc1    3.687500 0.000000 0.750000 6.208333 2.104167 
 Mfc2    3.541667 0.750000 0.000000 6.208333 2.041667 
 Compar  6.500000 6.208333 6.208333 0.000000 6.437500 
 Ppmz    3.562500 2.104167 2.041667 6.437500 0.000000 


new_compatibilityTable_LtoL
          7Zip     Mfc1     Mfc2     Compar   Ppmz    
 7Zip    0.000000 0.230469 0.221354 0.406250 0.222656 
 Mfc1    0.230469 0.000000 0.046875 0.388021 0.131510 
 Mfc2    0.221354 0.046875 0.000000 0.388021 0.127604 
 Compar  0.406250 0.388021 0.388021 0.000000 0.402344 
 Ppmz    0.222656 0.131510 0.127604 0.402344 0.000000 


