compatibilityTable_LtoL
          7Zip     Mfc1     Mfc2     Compar   Ppmz    
 7Zip    0.000000 4.077821 4.007782 7.178988 3.976654 
 Mfc1    4.077821 0.000000 0.988327 6.836576 2.210117 
 Mfc2    4.007782 0.988327 0.000000 6.758755 2.256809 
 Compar  7.178988 6.836576 6.758755 0.000000 7.000000 
 Ppmz    3.976654 2.210117 2.256809 7.000000 0.000000 


new_compatibilityTable_LtoL
          7Zip     Mfc1     Mfc2     Compar   Ppmz    
 7Zip    0.000000 0.254864 0.250486 0.448687 0.248541 
 Mfc1    0.254864 0.000000 0.061770 0.427286 0.138132 
 Mfc2    0.250486 0.061770 0.000000 0.422422 0.141051 
 Compar  0.448687 0.427286 0.422422 0.000000 0.437500 
 Ppmz    0.248541 0.138132 0.141051 0.437500 0.000000 


