compatibilityTable_LtoL
          7Zip     Mfc1     Mfc2     Compar   Ppmz    
 7Zip    0.000000 3.750000 2.500000 6.750000 2.250000 
 Mfc1    3.750000 0.000000 1.500000 5.750000 2.500000 
 Mfc2    2.500000 1.500000 0.000000 6.500000 1.250000 
 Compar  6.750000 5.750000 6.500000 0.000000 7.000000 
 Ppmz    2.250000 2.500000 1.250000 7.000000 0.000000 


new_compatibilityTable_LtoL
          7Zip     Mfc1     Mfc2     Compar   Ppmz    
 7Zip    0.000000 0.234375 0.156250 0.421875 0.140625 
 Mfc1    0.234375 0.000000 0.093750 0.359375 0.156250 
 Mfc2    0.156250 0.093750 0.000000 0.406250 0.078125 
 Compar  0.421875 0.359375 0.406250 0.000000 0.437500 
 Ppmz    0.140625 0.156250 0.078125 0.437500 0.000000 


