compatibilityTable_LtoL
          7Zip     Mfc1     Mfc2     Compar   Ppmz    
 7Zip    0.000000 3.521127 3.380282 5.704226 3.098592 
 Mfc1    3.521127 0.000000 0.676056 5.225352 1.943662 
 Mfc2    3.380282 0.676056 0.000000 5.253521 1.690141 
 Compar  5.704226 5.225352 5.253521 0.000000 5.478873 
 Ppmz    3.098592 1.943662 1.690141 5.478873 0.000000 


new_compatibilityTable_LtoL
          7Zip     Mfc1     Mfc2     Compar   Ppmz    
 7Zip    0.000000 0.220070 0.211268 0.356514 0.193662 
 Mfc1    0.220070 0.000000 0.042254 0.326585 0.121479 
 Mfc2    0.211268 0.042254 0.000000 0.328345 0.105634 
 Compar  0.356514 0.326585 0.328345 0.000000 0.342430 
 Ppmz    0.193662 0.121479 0.105634 0.342430 0.000000 


