compatibilityTable_LtoL
          7Zip     Mfc1     Mfc2     Compar   Ppmz    
 7Zip    0.000000 4.078014 4.007092 7.070922 3.964539 
 Mfc1    4.078014 0.000000 0.914894 6.773050 2.156028 
 Mfc2    4.007092 0.914894 0.000000 6.687943 2.191489 
 Compar  7.070922 6.773050 6.687943 0.000000 6.929078 
 Ppmz    3.964539 2.156028 2.191489 6.929078 0.000000 


new_compatibilityTable_LtoL
          7Zip     Mfc1     Mfc2     Compar   Ppmz    
 7Zip    0.000000 0.254876 0.250443 0.441933 0.247784 
 Mfc1    0.254876 0.000000 0.057181 0.423316 0.134752 
 Mfc2    0.250443 0.057181 0.000000 0.417996 0.136968 
 Compar  0.441933 0.423316 0.417996 0.000000 0.433067 
 Ppmz    0.247784 0.134752 0.136968 0.433067 0.000000 


