compatibilityTable_LtoL
          7Zip     Mfc1     Mfc2     Compar   Ppmz    
 7Zip    0.000000 4.074324 4.033784 6.952703 3.932432 
 Mfc1    4.074324 0.000000 0.905405 6.736486 2.168919 
 Mfc2    4.033784 0.905405 0.000000 6.635135 2.202703 
 Compar  6.952703 6.736486 6.635135 0.000000 6.858108 
 Ppmz    3.932432 2.168919 2.202703 6.858108 0.000000 


new_compatibilityTable_LtoL
          7Zip     Mfc1     Mfc2     Compar   Ppmz    
 7Zip    0.000000 0.254645 0.252111 0.434544 0.245777 
 Mfc1    0.254645 0.000000 0.056588 0.421030 0.135557 
 Mfc2    0.252111 0.056588 0.000000 0.414696 0.137669 
 Compar  0.434544 0.421030 0.414696 0.000000 0.428632 
 Ppmz    0.245777 0.135557 0.137669 0.428632 0.000000 


