compatibilityTable_LtoL
          7Zip     Mfc1     Mfc2     Compar   Ppmz    
 7Zip    0.000000 3.768708 3.673469 6.768707 3.714286 
 Mfc1    3.768708 0.000000 0.952381 6.510204 2.326531 
 Mfc2    3.673469 0.952381 0.000000 6.401361 2.272109 
 Compar  6.768707 6.510204 6.401361 0.000000 6.700680 
 Ppmz    3.714286 2.326531 2.272109 6.700680 0.000000 


new_compatibilityTable_LtoL
          7Zip     Mfc1     Mfc2     Compar   Ppmz    
 7Zip    0.000000 0.235544 0.229592 0.423044 0.232143 
 Mfc1    0.235544 0.000000 0.059524 0.406888 0.145408 
 Mfc2    0.229592 0.059524 0.000000 0.400085 0.142007 
 Compar  0.423044 0.406888 0.400085 0.000000 0.418793 
 Ppmz    0.232143 0.145408 0.142007 0.418793 0.000000 


