compatibilityTable_LtoL
          7Zip     Mfc1     Mfc2     Compar   Ppmz    
 7Zip    0.000000 3.770115 3.586207 6.379310 3.632184 
 Mfc1    3.770115 0.000000 0.804598 6.126437 2.137931 
 Mfc2    3.586207 0.804598 0.000000 6.126437 2.045977 
 Compar  6.379310 6.126437 6.126437 0.000000 6.333333 
 Ppmz    3.632184 2.137931 2.045977 6.333333 0.000000 


new_compatibilityTable_LtoL
          7Zip     Mfc1     Mfc2     Compar   Ppmz    
 7Zip    0.000000 0.235632 0.224138 0.398707 0.227011 
 Mfc1    0.235632 0.000000 0.050287 0.382902 0.133621 
 Mfc2    0.224138 0.050287 0.000000 0.382902 0.127874 
 Compar  0.398707 0.382902 0.382902 0.000000 0.395833 
 Ppmz    0.227011 0.133621 0.127874 0.395833 0.000000 


