compatibilityTable_LtoL
          7Zip     Mfc1     Mfc2     Compar   Ppmz    
 7Zip    0.000000 4.047059 3.929412 6.988235 3.976470 
 Mfc1    4.047059 0.000000 0.964706 6.823529 2.305882 
 Mfc2    3.929412 0.964706 0.000000 6.694118 2.282353 
 Compar  6.988235 6.823529 6.694118 0.000000 6.988235 
 Ppmz    3.976470 2.305882 2.282353 6.988235 0.000000 


new_compatibilityTable_LtoL
          7Zip     Mfc1     Mfc2     Compar   Ppmz    
 7Zip    0.000000 0.252941 0.245588 0.436765 0.248529 
 Mfc1    0.252941 0.000000 0.060294 0.426471 0.144118 
 Mfc2    0.245588 0.060294 0.000000 0.418382 0.142647 
 Compar  0.436765 0.426471 0.418382 0.000000 0.436765 
 Ppmz    0.248529 0.144118 0.142647 0.436765 0.000000 


