compatibilityTable_LtoL
          7Zip     Mfc1     Mfc2     Compar   Ppmz    
 7Zip    0.000000 4.116505 4.009709 7.019417 3.990291 
 Mfc1    4.116505 0.000000 0.873786 6.805825 2.233010 
 Mfc2    4.009709 0.873786 0.000000 6.669903 2.203883 
 Compar  7.019417 6.805825 6.669903 0.000000 6.990291 
 Ppmz    3.990291 2.233010 2.203883 6.990291 0.000000 


new_compatibilityTable_LtoL
          7Zip     Mfc1     Mfc2     Compar   Ppmz    
 7Zip    0.000000 0.257282 0.250607 0.438714 0.249393 
 Mfc1    0.257282 0.000000 0.054612 0.425364 0.139563 
 Mfc2    0.250607 0.054612 0.000000 0.416869 0.137743 
 Compar  0.438714 0.425364 0.416869 0.000000 0.436893 
 Ppmz    0.249393 0.139563 0.137743 0.436893 0.000000 


