compatibilityTable_LtoL
          7Zip     Mfc1     Mfc2     Compar   Ppmz    
 7Zip    0.000000 4.144000 4.072000 7.216000 4.032000 
 Mfc1    4.144000 0.000000 1.016000 6.880000 2.248000 
 Mfc2    4.072000 1.016000 0.000000 6.800000 2.296000 
 Compar  7.216000 6.880000 6.800000 0.000000 7.032000 
 Ppmz    4.032000 2.248000 2.296000 7.032000 0.000000 


new_compatibilityTable_LtoL
          7Zip     Mfc1     Mfc2     Compar   Ppmz    
 7Zip    0.000000 0.259000 0.254500 0.451000 0.252000 
 Mfc1    0.259000 0.000000 0.063500 0.430000 0.140500 
 Mfc2    0.254500 0.063500 0.000000 0.425000 0.143500 
 Compar  0.451000 0.430000 0.425000 0.000000 0.439500 
 Ppmz    0.252000 0.140500 0.143500 0.439500 0.000000 


