compatibilityTable_LtoL
          7Zip     Mfc1     Mfc2     Compar   Ppmz    
 7Zip    0.000000 4.090452 3.979899 7.040201 3.959799 
 Mfc1    4.090452 0.000000 0.904523 6.849246 2.271357 
 Mfc2    3.979899 0.904523 0.000000 6.708543 2.241206 
 Compar  7.040201 6.849246 6.708543 0.000000 7.000000 
 Ppmz    3.959799 2.271357 2.241206 7.000000 0.000000 


new_compatibilityTable_LtoL
          7Zip     Mfc1     Mfc2     Compar   Ppmz    
 7Zip    0.000000 0.255653 0.248744 0.440013 0.247487 
 Mfc1    0.255653 0.000000 0.056533 0.428078 0.141960 
 Mfc2    0.248744 0.056533 0.000000 0.419284 0.140075 
 Compar  0.440013 0.428078 0.419284 0.000000 0.437500 
 Ppmz    0.247487 0.141960 0.140075 0.437500 0.000000 


