compatibilityTable_LtoL
          7Zip     Mfc1     Mfc2     Compar   Ppmz    
 7Zip    0.000000 4.073825 4.033557 6.932886 3.932886 
 Mfc1    4.073825 0.000000 0.906040 6.724832 2.161074 
 Mfc2    4.033557 0.906040 0.000000 6.624161 2.187919 
 Compar  6.932886 6.724832 6.624161 0.000000 6.845638 
 Ppmz    3.932886 2.161074 2.187919 6.845638 0.000000 


new_compatibilityTable_LtoL
          7Zip     Mfc1     Mfc2     Compar   Ppmz    
 7Zip    0.000000 0.254614 0.252097 0.433305 0.245805 
 Mfc1    0.254614 0.000000 0.056628 0.420302 0.135067 
 Mfc2    0.252097 0.056628 0.000000 0.414010 0.136745 
 Compar  0.433305 0.420302 0.414010 0.000000 0.427852 
 Ppmz    0.245805 0.135067 0.136745 0.427852 0.000000 


