compatibilityTable_LtoL
          7Zip     Mfc1     Mfc2     Compar   Ppmz    
 7Zip    0.000000 4.158996 4.092050 7.184101 4.066946 
 Mfc1    4.158996 0.000000 1.029289 6.891213 2.259414 
 Mfc2    4.092050 1.029289 0.000000 6.790795 2.301255 
 Compar  7.184101 6.891213 6.790795 0.000000 7.033473 
 Ppmz    4.066946 2.259414 2.301255 7.033473 0.000000 


new_compatibilityTable_LtoL
          7Zip     Mfc1     Mfc2     Compar   Ppmz    
 7Zip    0.000000 0.259937 0.255753 0.449006 0.254184 
 Mfc1    0.259937 0.000000 0.064331 0.430701 0.141213 
 Mfc2    0.255753 0.064331 0.000000 0.424425 0.143828 
 Compar  0.449006 0.430701 0.424425 0.000000 0.439592 
 Ppmz    0.254184 0.141213 0.143828 0.439592 0.000000 


