compatibilityTable_LtoL
          7Zip     Mfc1     Mfc2     Compar   Ppmz    
 7Zip    0.000000 3.798319 3.697479 6.697479 3.680672 
 Mfc1    3.798319 0.000000 0.823529 6.428571 2.235294 
 Mfc2    3.697479 0.823529 0.000000 6.310925 2.168067 
 Compar  6.697479 6.428571 6.310925 0.000000 6.647059 
 Ppmz    3.680672 2.235294 2.168067 6.647059 0.000000 


new_compatibilityTable_LtoL
          7Zip     Mfc1     Mfc2     Compar   Ppmz    
 7Zip    0.000000 0.237395 0.231092 0.418592 0.230042 
 Mfc1    0.237395 0.000000 0.051471 0.401786 0.139706 
 Mfc2    0.231092 0.051471 0.000000 0.394433 0.135504 
 Compar  0.418592 0.401786 0.394433 0.000000 0.415441 
 Ppmz    0.230042 0.139706 0.135504 0.415441 0.000000 


