compatibilityTable_LtoL
          7Zip     Mfc1     Mfc2     Compar   Ppmz    
 7Zip    0.000000 2.044445 1.911111 2.911111 1.777778 
 Mfc1    2.044445 0.000000 0.711111 3.266667 1.244444 
 Mfc2    1.911111 0.711111 0.000000 3.133333 1.155556 
 Compar  2.911111 3.266667 3.133333 0.000000 3.133333 
 Ppmz    1.777778 1.244444 1.155556 3.133333 0.000000 


new_compatibilityTable_LtoL
          7Zip     Mfc1     Mfc2     Compar   Ppmz    
 7Zip    0.000000 0.127778 0.119444 0.181944 0.111111 
 Mfc1    0.127778 0.000000 0.044444 0.204167 0.077778 
 Mfc2    0.119444 0.044444 0.000000 0.195833 0.072222 
 Compar  0.181944 0.204167 0.195833 0.000000 0.195833 
 Ppmz    0.111111 0.077778 0.072222 0.195833 0.000000 


