compatibilityTable_LtoL
          7Zip     Mfc1     Mfc2     Compar   Ppmz    
 7Zip    0.000000 2.448000 2.304000 3.240000 2.192000 
 Mfc1    2.448000 0.000000 0.592000 4.152000 1.312000 
 Mfc2    2.304000 0.592000 0.000000 4.024000 1.232000 
 Compar  3.240000 4.152000 4.024000 0.000000 4.024000 
 Ppmz    2.192000 1.312000 1.232000 4.024000 0.000000 


new_compatibilityTable_LtoL
          7Zip     Mfc1     Mfc2     Compar   Ppmz    
 7Zip    0.000000 0.153000 0.144000 0.202500 0.137000 
 Mfc1    0.153000 0.000000 0.037000 0.259500 0.082000 
 Mfc2    0.144000 0.037000 0.000000 0.251500 0.077000 
 Compar  0.202500 0.259500 0.251500 0.000000 0.251500 
 Ppmz    0.137000 0.082000 0.077000 0.251500 0.000000 


