compatibilityTable_LtoL
          7Zip     Mfc1     Mfc2     Compar   Ppmz    
 7Zip    0.000000 2.395973 2.328859 3.966443 2.228188 
 Mfc1    2.395973 0.000000 0.543624 4.550335 1.255034 
 Mfc2    2.328859 0.543624 0.000000 4.429530 1.187919 
 Compar  3.966443 4.550335 4.429530 0.000000 4.449665 
 Ppmz    2.228188 1.255034 1.187919 4.449665 0.000000 


new_compatibilityTable_LtoL
          7Zip     Mfc1     Mfc2     Compar   Ppmz    
 7Zip    0.000000 0.149748 0.145554 0.247903 0.139262 
 Mfc1    0.149748 0.000000 0.033977 0.284396 0.078440 
 Mfc2    0.145554 0.033977 0.000000 0.276846 0.074245 
 Compar  0.247903 0.284396 0.276846 0.000000 0.278104 
 Ppmz    0.139262 0.078440 0.074245 0.278104 0.000000 


