compatibilityTable_LtoL
          7Zip     Mfc1     Mfc2     Compar   Ppmz    
 7Zip    0.000000 2.236842 2.157895 3.105263 2.131579 
 Mfc1    2.236842 0.000000 0.763158 3.605263 1.315789 
 Mfc2    2.157895 0.763158 0.000000 3.552632 1.394737 
 Compar  3.105263 3.605263 3.552632 0.000000 3.684211 
 Ppmz    2.131579 1.315789 1.394737 3.684211 0.000000 


new_compatibilityTable_LtoL
          7Zip     Mfc1     Mfc2     Compar   Ppmz    
 7Zip    0.000000 0.139803 0.134868 0.194079 0.133224 
 Mfc1    0.139803 0.000000 0.047697 0.225329 0.082237 
 Mfc2    0.134868 0.047697 0.000000 0.222039 0.087171 
 Compar  0.194079 0.225329 0.222039 0.000000 0.230263 
 Ppmz    0.133224 0.082237 0.087171 0.230263 0.000000 


