compatibilityTable_LtoL
          7Zip     Mfc1     Mfc2     Compar   Ppmz    
 7Zip    0.000000 2.193548 2.107527 3.279570 2.064516 
 Mfc1    2.193548 0.000000 0.645161 3.817204 1.311828 
 Mfc2    2.107527 0.645161 0.000000 3.752688 1.354839 
 Compar  3.279570 3.817204 3.752688 0.000000 3.881721 
 Ppmz    2.064516 1.311828 1.354839 3.881721 0.000000 


new_compatibilityTable_LtoL
          7Zip     Mfc1     Mfc2     Compar   Ppmz    
 7Zip    0.000000 0.137097 0.131720 0.204973 0.129032 
 Mfc1    0.137097 0.000000 0.040323 0.238575 0.081989 
 Mfc2    0.131720 0.040323 0.000000 0.234543 0.084677 
 Compar  0.204973 0.238575 0.234543 0.000000 0.242608 
 Ppmz    0.129032 0.081989 0.084677 0.242608 0.000000 


