compatibilityTable_LtoL
          7Zip     Mfc1     Mfc2     Compar   Ppmz    
 7Zip    0.000000 2.270270 2.171171 3.675676 2.036036 
 Mfc1    2.270270 0.000000 0.486486 4.450450 1.171171 
 Mfc2    2.171171 0.486486 0.000000 4.324324 1.063063 
 Compar  3.675676 4.450450 4.324324 0.000000 4.261261 
 Ppmz    2.036036 1.171171 1.063063 4.261261 0.000000 


new_compatibilityTable_LtoL
          7Zip     Mfc1     Mfc2     Compar   Ppmz    
 7Zip    0.000000 0.141892 0.135698 0.229730 0.127252 
 Mfc1    0.141892 0.000000 0.030405 0.278153 0.073198 
 Mfc2    0.135698 0.030405 0.000000 0.270270 0.066441 
 Compar  0.229730 0.278153 0.270270 0.000000 0.266329 
 Ppmz    0.127252 0.073198 0.066441 0.266329 0.000000 


