compatibilityTable_LtoL
          7Zip     Mfc1     Mfc2     Compar   Ppmz    
 7Zip    0.000000 1.762712 1.661017 2.796610 1.593220 
 Mfc1    1.762712 0.000000 0.677966 3.067797 1.084746 
 Mfc2    1.661017 0.677966 0.000000 3.000000 1.118644 
 Compar  2.796610 3.067797 3.000000 0.000000 3.033898 
 Ppmz    1.593220 1.084746 1.118644 3.033898 0.000000 


new_compatibilityTable_LtoL
          7Zip     Mfc1     Mfc2     Compar   Ppmz    
 7Zip    0.000000 0.110169 0.103814 0.174788 0.099576 
 Mfc1    0.110169 0.000000 0.042373 0.191737 0.067797 
 Mfc2    0.103814 0.042373 0.000000 0.187500 0.069915 
 Compar  0.174788 0.191737 0.187500 0.000000 0.189619 
 Ppmz    0.099576 0.067797 0.069915 0.189619 0.000000 


