compatibilityTable_LtoL
          7Zip     Mfc1     Mfc2     Compar   Ppmz    
 7Zip    0.000000 2.591440 2.505836 4.081712 2.365759 
 Mfc1    2.591440 0.000000 0.583658 4.782101 1.322957 
 Mfc2    2.505836 0.583658 0.000000 4.642024 1.229572 
 Compar  4.081712 4.782101 4.642024 0.000000 4.665370 
 Ppmz    2.365759 1.322957 1.229572 4.665370 0.000000 


new_compatibilityTable_LtoL
          7Zip     Mfc1     Mfc2     Compar   Ppmz    
 7Zip    0.000000 0.161965 0.156615 0.255107 0.147860 
 Mfc1    0.161965 0.000000 0.036479 0.298881 0.082685 
 Mfc2    0.156615 0.036479 0.000000 0.290126 0.076848 
 Compar  0.255107 0.298881 0.290126 0.000000 0.291586 
 Ppmz    0.147860 0.082685 0.076848 0.291586 0.000000 


