compatibilityTable_LtoL
          7Zip     Mfc1     Mfc2     Compar   Ppmz    
 7Zip    0.000000 2.093023 2.000000 2.953488 1.860465 
 Mfc1    2.093023 0.000000 0.697674 3.372093 1.255814 
 Mfc2    2.000000 0.697674 0.000000 3.186047 1.209302 
 Compar  2.953488 3.372093 3.186047 0.000000 3.186047 
 Ppmz    1.860465 1.255814 1.209302 3.186047 0.000000 


new_compatibilityTable_LtoL
          7Zip     Mfc1     Mfc2     Compar   Ppmz    
 7Zip    0.000000 0.130814 0.125000 0.184593 0.116279 
 Mfc1    0.130814 0.000000 0.043605 0.210756 0.078488 
 Mfc2    0.125000 0.043605 0.000000 0.199128 0.075581 
 Compar  0.184593 0.210756 0.199128 0.000000 0.199128 
 Ppmz    0.116279 0.078488 0.075581 0.199128 0.000000 


