compatibilityTable_LtoL
          7Zip     Mfc1     Mfc2     Compar   Ppmz    
 7Zip    0.000000 2.483986 2.419929 4.053381 2.306050 
 Mfc1    2.483986 0.000000 0.569395 4.665481 1.288256 
 Mfc2    2.419929 0.569395 0.000000 4.544484 1.209964 
 Compar  4.053381 4.665481 4.544484 0.000000 4.572954 
 Ppmz    2.306050 1.288256 1.209964 4.572954 0.000000 


new_compatibilityTable_LtoL
          7Zip     Mfc1     Mfc2     Compar   Ppmz    
 7Zip    0.000000 0.155249 0.151246 0.253336 0.144128 
 Mfc1    0.155249 0.000000 0.035587 0.291593 0.080516 
 Mfc2    0.151246 0.035587 0.000000 0.284030 0.075623 
 Compar  0.253336 0.291593 0.284030 0.000000 0.285810 
 Ppmz    0.144128 0.080516 0.075623 0.285810 0.000000 


