compatibilityTable_LtoL
          7Zip     Mfc1     Mfc2     Compar   Ppmz    
 7Zip    0.000000 2.580153 2.503817 4.061069 2.358779 
 Mfc1    2.580153 0.000000 0.580153 4.740458 1.305344 
 Mfc2    2.503817 0.580153 0.000000 4.610687 1.221374 
 Compar  4.061069 4.740458 4.610687 0.000000 4.633588 
 Ppmz    2.358779 1.305344 1.221374 4.633588 0.000000 


new_compatibilityTable_LtoL
          7Zip     Mfc1     Mfc2     Compar   Ppmz    
 7Zip    0.000000 0.161260 0.156489 0.253817 0.147424 
 Mfc1    0.161260 0.000000 0.036260 0.296279 0.081584 
 Mfc2    0.156489 0.036260 0.000000 0.288168 0.076336 
 Compar  0.253817 0.296279 0.288168 0.000000 0.289599 
 Ppmz    0.147424 0.081584 0.076336 0.289599 0.000000 


