compatibilityTable_LtoL
          7Zip     Mfc1     Mfc2     Compar   Ppmz    
 7Zip    0.000000 2.140000 2.060000 3.140000 1.960000 
 Mfc1    2.140000 0.000000 0.600000 3.720000 1.320000 
 Mfc2    2.060000 0.600000 0.000000 3.660000 1.360000 
 Compar  3.140000 3.720000 3.660000 0.000000 3.720000 
 Ppmz    1.960000 1.320000 1.360000 3.720000 0.000000 


new_compatibilityTable_LtoL
          7Zip     Mfc1     Mfc2     Compar   Ppmz    
 7Zip    0.000000 0.133750 0.128750 0.196250 0.122500 
 Mfc1    0.133750 0.000000 0.037500 0.232500 0.082500 
 Mfc2    0.128750 0.037500 0.000000 0.228750 0.085000 
 Compar  0.196250 0.232500 0.228750 0.000000 0.232500 
 Ppmz    0.122500 0.082500 0.085000 0.232500 0.000000 


