compatibilityTable_LtoL
          7Zip     Mfc1     Mfc2     Compar   Ppmz    
 7Zip    0.000000 2.483660 2.366013 3.653595 2.222222 
 Mfc1    2.483660 0.000000 0.535948 4.516340 1.241830 
 Mfc2    2.366013 0.535948 0.000000 4.411765 1.176471 
 Compar  3.653595 4.516340 4.411765 0.000000 4.411765 
 Ppmz    2.222222 1.241830 1.176471 4.411765 0.000000 


new_compatibilityTable_LtoL
          7Zip     Mfc1     Mfc2     Compar   Ppmz    
 7Zip    0.000000 0.155229 0.147876 0.228350 0.138889 
 Mfc1    0.155229 0.000000 0.033497 0.282271 0.077614 
 Mfc2    0.147876 0.033497 0.000000 0.275735 0.073529 
 Compar  0.228350 0.282271 0.275735 0.000000 0.275735 
 Ppmz    0.138889 0.077614 0.073529 0.275735 0.000000 


