compatibilityTable_LtoL
          7Zip     Mfc1     Mfc2     Compar   Ppmz    
 7Zip    0.000000 2.325000 2.250000 3.200000 2.175000 
 Mfc1    2.325000 0.000000 0.725000 3.725000 1.350000 
 Mfc2    2.250000 0.725000 0.000000 3.675000 1.425000 
 Compar  3.200000 3.725000 3.675000 0.000000 3.800000 
 Ppmz    2.175000 1.350000 1.425000 3.800000 0.000000 


new_compatibilityTable_LtoL
          7Zip     Mfc1     Mfc2     Compar   Ppmz    
 7Zip    0.000000 0.145313 0.140625 0.200000 0.135937 
 Mfc1    0.145313 0.000000 0.045313 0.232812 0.084375 
 Mfc2    0.140625 0.045313 0.000000 0.229687 0.089062 
 Compar  0.200000 0.232812 0.229687 0.000000 0.237500 
 Ppmz    0.135937 0.084375 0.089062 0.237500 0.000000 


