compatibilityTable_LtoL
          7Zip     Mfc1     Mfc2     Compar   Ppmz    
 7Zip    0.000000 1.959184 1.755102 2.877551 1.755102 
 Mfc1    1.959184 0.000000 0.734694 3.244898 1.183674 
 Mfc2    1.755102 0.734694 0.000000 3.081633 1.183674 
 Compar  2.877551 3.244898 3.081633 0.000000 3.163265 
 Ppmz    1.755102 1.183674 1.183674 3.163265 0.000000 


new_compatibilityTable_LtoL
          7Zip     Mfc1     Mfc2     Compar   Ppmz    
 7Zip    0.000000 0.122449 0.109694 0.179847 0.109694 
 Mfc1    0.122449 0.000000 0.045918 0.202806 0.073980 
 Mfc2    0.109694 0.045918 0.000000 0.192602 0.073980 
 Compar  0.179847 0.202806 0.192602 0.000000 0.197704 
 Ppmz    0.109694 0.073980 0.073980 0.197704 0.000000 


