compatibilityTable_LtoL
          7Zip     Mfc1     Mfc2     Compar   Ppmz    
 7Zip    0.000000 2.482759 2.344828 2.931035 2.137931 
 Mfc1    2.482759 0.000000 0.827586 3.620690 1.586207 
 Mfc2    2.344828 0.827586 0.000000 3.413793 1.586207 
 Compar  2.931035 3.620690 3.413793 0.000000 3.482759 
 Ppmz    2.137931 1.586207 1.586207 3.482759 0.000000 


new_compatibilityTable_LtoL
          7Zip     Mfc1     Mfc2     Compar   Ppmz    
 7Zip    0.000000 0.155172 0.146552 0.183190 0.133621 
 Mfc1    0.155172 0.000000 0.051724 0.226293 0.099138 
 Mfc2    0.146552 0.051724 0.000000 0.213362 0.099138 
 Compar  0.183190 0.226293 0.213362 0.000000 0.217672 
 Ppmz    0.133621 0.099138 0.099138 0.217672 0.000000 


