compatibilityTable_LtoL
          7Zip     Mfc1     Mfc2     Compar   Ppmz    
 7Zip    0.000000 2.550459 2.458716 3.256881 2.330275 
 Mfc1    2.550459 0.000000 0.587156 4.192660 1.339450 
 Mfc2    2.458716 0.587156 0.000000 4.137615 1.339450 
 Compar  3.256881 4.192660 4.137615 0.000000 4.174312 
 Ppmz    2.330275 1.339450 1.339450 4.174312 0.000000 


new_compatibilityTable_LtoL
          7Zip     Mfc1     Mfc2     Compar   Ppmz    
 7Zip    0.000000 0.159404 0.153670 0.203555 0.145642 
 Mfc1    0.159404 0.000000 0.036697 0.262041 0.083716 
 Mfc2    0.153670 0.036697 0.000000 0.258601 0.083716 
 Compar  0.203555 0.262041 0.258601 0.000000 0.260895 
 Ppmz    0.145642 0.083716 0.083716 0.260895 0.000000 


