compatibilityTable_LtoL
          7Zip     Mfc1     Mfc2     Compar   Ppmz    
 7Zip    0.000000 2.314136 2.178010 3.513089 1.958115 
 Mfc1    2.314136 0.000000 0.534031 4.350785 1.235602 
 Mfc2    2.178010 0.534031 0.000000 4.193717 1.120419 
 Compar  3.513089 4.350785 4.193717 0.000000 4.141361 
 Ppmz    1.958115 1.235602 1.120419 4.141361 0.000000 


new_compatibilityTable_LtoL
          7Zip     Mfc1     Mfc2     Compar   Ppmz    
 7Zip    0.000000 0.144634 0.136126 0.219568 0.122382 
 Mfc1    0.144634 0.000000 0.033377 0.271924 0.077225 
 Mfc2    0.136126 0.033377 0.000000 0.262107 0.070026 
 Compar  0.219568 0.271924 0.262107 0.000000 0.258835 
 Ppmz    0.122382 0.077225 0.070026 0.258835 0.000000 


