compatibilityTable_LtoL
          7Zip     Mfc1     Mfc2     Compar   Ppmz    
 7Zip    0.000000 2.416382 2.348123 3.989761 2.252560 
 Mfc1    2.416382 0.000000 0.552901 4.576792 1.255973 
 Mfc2    2.348123 0.552901 0.000000 4.453925 1.187713 
 Compar  3.989761 4.576792 4.453925 0.000000 4.494881 
 Ppmz    2.252560 1.255973 1.187713 4.494881 0.000000 


new_compatibilityTable_LtoL
          7Zip     Mfc1     Mfc2     Compar   Ppmz    
 7Zip    0.000000 0.151024 0.146758 0.249360 0.140785 
 Mfc1    0.151024 0.000000 0.034556 0.286049 0.078498 
 Mfc2    0.146758 0.034556 0.000000 0.278370 0.074232 
 Compar  0.249360 0.286049 0.278370 0.000000 0.280930 
 Ppmz    0.140785 0.078498 0.074232 0.280930 0.000000 


