compatibilityTable_LtoL
          7Zip     Mfc1     Mfc2     Compar   Ppmz    
 7Zip    0.000000 2.352273 2.215909 3.556818 2.045455 
 Mfc1    2.352273 0.000000 0.534091 4.420455 1.227273 
 Mfc2    2.215909 0.534091 0.000000 4.272727 1.113636 
 Compar  3.556818 4.420455 4.272727 0.000000 4.238636 
 Ppmz    2.045455 1.227273 1.113636 4.238636 0.000000 


new_compatibilityTable_LtoL
          7Zip     Mfc1     Mfc2     Compar   Ppmz    
 7Zip    0.000000 0.147017 0.138494 0.222301 0.127841 
 Mfc1    0.147017 0.000000 0.033381 0.276278 0.076705 
 Mfc2    0.138494 0.033381 0.000000 0.267045 0.069602 
 Compar  0.222301 0.276278 0.267045 0.000000 0.264915 
 Ppmz    0.127841 0.076705 0.069602 0.264915 0.000000 


