compatibilityTable_LtoL
          7Zip     Mfc1     Mfc2     Compar   Ppmz    
 7Zip    0.000000 2.394958 2.310924 3.789916 2.159664 
 Mfc1    2.394958 0.000000 0.537815 4.563025 1.268908 
 Mfc2    2.310924 0.537815 0.000000 4.428571 1.159664 
 Compar  3.789916 4.563025 4.428571 0.000000 4.420168 
 Ppmz    2.159664 1.268908 1.159664 4.420168 0.000000 


new_compatibilityTable_LtoL
          7Zip     Mfc1     Mfc2     Compar   Ppmz    
 7Zip    0.000000 0.149685 0.144433 0.236870 0.134979 
 Mfc1    0.149685 0.000000 0.033613 0.285189 0.079307 
 Mfc2    0.144433 0.033613 0.000000 0.276786 0.072479 
 Compar  0.236870 0.285189 0.276786 0.000000 0.276260 
 Ppmz    0.134979 0.079307 0.072479 0.276260 0.000000 


