compatibilityTable_LtoL
          7Zip     Mfc1     Mfc2     Compar   Ppmz    
 7Zip    0.000000 2.354286 2.217143 3.560000 2.057143 
 Mfc1    2.354286 0.000000 0.537143 4.417143 1.222857 
 Mfc2    2.217143 0.537143 0.000000 4.268571 1.108571 
 Compar  3.560000 4.417143 4.268571 0.000000 4.245714 
 Ppmz    2.057143 1.222857 1.108571 4.245714 0.000000 


new_compatibilityTable_LtoL
          7Zip     Mfc1     Mfc2     Compar   Ppmz    
 7Zip    0.000000 0.147143 0.138571 0.222500 0.128571 
 Mfc1    0.147143 0.000000 0.033571 0.276071 0.076429 
 Mfc2    0.138571 0.033571 0.000000 0.266786 0.069286 
 Compar  0.222500 0.276071 0.266786 0.000000 0.265357 
 Ppmz    0.128571 0.076429 0.069286 0.265357 0.000000 


