compatibilityTable_LtoL
          7Zip     Mfc1     Mfc2     Compar   Ppmz    
 7Zip    0.000000 2.293333 2.186667 3.684444 2.053333 
 Mfc1    2.293333 0.000000 0.488889 4.475555 1.191111 
 Mfc2    2.186667 0.488889 0.000000 4.351111 1.075556 
 Compar  3.684444 4.475555 4.351111 0.000000 4.297778 
 Ppmz    2.053333 1.191111 1.075556 4.297778 0.000000 


new_compatibilityTable_LtoL
          7Zip     Mfc1     Mfc2     Compar   Ppmz    
 7Zip    0.000000 0.143333 0.136667 0.230278 0.128333 
 Mfc1    0.143333 0.000000 0.030556 0.279722 0.074444 
 Mfc2    0.136667 0.030556 0.000000 0.271944 0.067222 
 Compar  0.230278 0.279722 0.271944 0.000000 0.268611 
 Ppmz    0.128333 0.074444 0.067222 0.268611 0.000000 


