compatibilityTable_LtoL
          7Zip     Mfc1     Mfc2     Compar   Ppmz    
 7Zip    0.000000 2.573705 2.486056 4.043825 2.318725 
 Mfc1    2.573705 0.000000 0.597610 4.760956 1.306773 
 Mfc2    2.486056 0.597610 0.000000 4.617530 1.211155 
 Compar  4.043825 4.760956 4.617530 0.000000 4.649403 
 Ppmz    2.318725 1.306773 1.211155 4.649403 0.000000 


new_compatibilityTable_LtoL
          7Zip     Mfc1     Mfc2     Compar   Ppmz    
 7Zip    0.000000 0.160857 0.155378 0.252739 0.144920 
 Mfc1    0.160857 0.000000 0.037351 0.297560 0.081673 
 Mfc2    0.155378 0.037351 0.000000 0.288596 0.075697 
 Compar  0.252739 0.297560 0.288596 0.000000 0.290588 
 Ppmz    0.144920 0.081673 0.075697 0.290588 0.000000 


