compatibilityTable_LtoL
          7Zip     Mfc1     Mfc2     Compar   Ppmz    
 7Zip    0.000000 2.500000 2.381579 3.671053 2.236842 
 Mfc1    2.500000 0.000000 0.539474 4.539474 1.250000 
 Mfc2    2.381579 0.539474 0.000000 4.434210 1.184211 
 Compar  3.671053 4.539474 4.434210 0.000000 4.434210 
 Ppmz    2.236842 1.250000 1.184211 4.434210 0.000000 


new_compatibilityTable_LtoL
          7Zip     Mfc1     Mfc2     Compar   Ppmz    
 7Zip    0.000000 0.156250 0.148849 0.229441 0.139803 
 Mfc1    0.156250 0.000000 0.033717 0.283717 0.078125 
 Mfc2    0.148849 0.033717 0.000000 0.277138 0.074013 
 Compar  0.229441 0.283717 0.277138 0.000000 0.277138 
 Ppmz    0.139803 0.078125 0.074013 0.277138 0.000000 


