compatibilityTable_LtoL
          7Zip     Mfc1     Mfc2     Compar   Ppmz    
 7Zip    0.000000 2.727273 2.636364 2.818182 2.454545 
 Mfc1    2.727273 0.000000 1.000000 3.909091 1.727273 
 Mfc2    2.636364 1.000000 0.000000 3.727273 1.818182 
 Compar  2.818182 3.909091 3.727273 0.000000 3.727273 
 Ppmz    2.454545 1.727273 1.818182 3.727273 0.000000 


new_compatibilityTable_LtoL
          7Zip     Mfc1     Mfc2     Compar   Ppmz    
 7Zip    0.000000 0.170455 0.164773 0.176136 0.153409 
 Mfc1    0.170455 0.000000 0.062500 0.244318 0.107955 
 Mfc2    0.164773 0.062500 0.000000 0.232955 0.113636 
 Compar  0.176136 0.244318 0.232955 0.000000 0.232955 
 Ppmz    0.153409 0.107955 0.113636 0.232955 0.000000 


