compatibilityTable_LtoL
          7Zip     Mfc1     Mfc2     Compar   Ppmz    
 7Zip    0.000000 3.250000 3.250000 3.500000 2.250000 
 Mfc1    3.250000 0.000000 0.750000 4.500000 1.250000 
 Mfc2    3.250000 0.750000 0.000000 4.500000 1.000000 
 Compar  3.500000 4.500000 4.500000 0.000000 4.000000 
 Ppmz    2.250000 1.250000 1.000000 4.000000 0.000000 


new_compatibilityTable_LtoL
          7Zip     Mfc1     Mfc2     Compar   Ppmz    
 7Zip    0.000000 0.203125 0.203125 0.218750 0.140625 
 Mfc1    0.203125 0.000000 0.046875 0.281250 0.078125 
 Mfc2    0.203125 0.046875 0.000000 0.281250 0.062500 
 Compar  0.218750 0.281250 0.281250 0.000000 0.250000 
 Ppmz    0.140625 0.078125 0.062500 0.250000 0.000000 


