compatibilityTable_LtoL
          7Zip     Mfc1     Mfc2     Compar   Ppmz    
 7Zip    0.000000 2.135922 2.058252 3.213592 1.941748 
 Mfc1    2.135922 0.000000 0.582524 3.776699 1.300971 
 Mfc2    2.058252 0.582524 0.000000 3.718446 1.339806 
 Compar  3.213592 3.776699 3.718446 0.000000 3.776699 
 Ppmz    1.941748 1.300971 1.339806 3.776699 0.000000 


new_compatibilityTable_LtoL
          7Zip     Mfc1     Mfc2     Compar   Ppmz    
 7Zip    0.000000 0.133495 0.128641 0.200850 0.121359 
 Mfc1    0.133495 0.000000 0.036408 0.236044 0.081311 
 Mfc2    0.128641 0.036408 0.000000 0.232403 0.083738 
 Compar  0.200850 0.236044 0.232403 0.000000 0.236044 
 Ppmz    0.121359 0.081311 0.083738 0.236044 0.000000 


