compatibilityTable_LtoL
          7Zip     Mfc1     Mfc2     Compar   Ppmz    
 7Zip    0.000000 2.057143 1.942857 2.657143 1.771429 
 Mfc1    2.057143 0.000000 0.685714 3.228571 1.314286 
 Mfc2    1.942857 0.685714 0.000000 3.057143 1.314286 
 Compar  2.657143 3.228571 3.057143 0.000000 3.114286 
 Ppmz    1.771429 1.314286 1.314286 3.114286 0.000000 


new_compatibilityTable_LtoL
          7Zip     Mfc1     Mfc2     Compar   Ppmz    
 7Zip    0.000000 0.128571 0.121429 0.166071 0.110714 
 Mfc1    0.128571 0.000000 0.042857 0.201786 0.082143 
 Mfc2    0.121429 0.042857 0.000000 0.191071 0.082143 
 Compar  0.166071 0.201786 0.191071 0.000000 0.194643 
 Ppmz    0.110714 0.082143 0.082143 0.194643 0.000000 


