compatibilityTable_LtoL
          7Zip     Mfc1     Mfc2     Compar   Ppmz    
 7Zip    0.000000 2.197183 2.112676 3.056338 2.084507 
 Mfc1    2.197183 0.000000 0.788732 3.619718 1.239437 
 Mfc2    2.112676 0.788732 0.000000 3.535211 1.352113 
 Compar  3.056338 3.619718 3.535211 0.000000 3.591549 
 Ppmz    2.084507 1.239437 1.352113 3.591549 0.000000 


new_compatibilityTable_LtoL
          7Zip     Mfc1     Mfc2     Compar   Ppmz    
 7Zip    0.000000 0.137324 0.132042 0.191021 0.130282 
 Mfc1    0.137324 0.000000 0.049296 0.226232 0.077465 
 Mfc2    0.132042 0.049296 0.000000 0.220951 0.084507 
 Compar  0.191021 0.226232 0.220951 0.000000 0.224472 
 Ppmz    0.130282 0.077465 0.084507 0.224472 0.000000 


