compatibilityTable_LtoL
          7Zip     Mfc1     Mfc2     Compar   Ppmz    
 7Zip    0.000000 2.463768 2.362319 3.521739 2.188406 
 Mfc1    2.463768 0.000000 0.565217 4.318841 1.333333 
 Mfc2    2.362319 0.565217 0.000000 4.202899 1.260870 
 Compar  3.521739 4.318841 4.202899 0.000000 4.217391 
 Ppmz    2.188406 1.333333 1.260870 4.217391 0.000000 


new_compatibilityTable_LtoL
          7Zip     Mfc1     Mfc2     Compar   Ppmz    
 7Zip    0.000000 0.153986 0.147645 0.220109 0.136775 
 Mfc1    0.153986 0.000000 0.035326 0.269928 0.083333 
 Mfc2    0.147645 0.035326 0.000000 0.262681 0.078804 
 Compar  0.220109 0.269928 0.262681 0.000000 0.263587 
 Ppmz    0.136775 0.083333 0.078804 0.263587 0.000000 


