compatibilityTable_LtoL
          7Zip     Mfc1     Mfc2     Compar   Ppmz    
 7Zip    0.000000 2.314721 2.192894 3.568528 2.010152 
 Mfc1    2.314721 0.000000 0.527919 4.350254 1.248731 
 Mfc2    2.192894 0.527919 0.000000 4.208122 1.147208 
 Compar  3.568528 4.350254 4.208122 0.000000 4.167513 
 Ppmz    2.010152 1.248731 1.147208 4.167513 0.000000 


new_compatibilityTable_LtoL
          7Zip     Mfc1     Mfc2     Compar   Ppmz    
 7Zip    0.000000 0.144670 0.137056 0.223033 0.125635 
 Mfc1    0.144670 0.000000 0.032995 0.271891 0.078046 
 Mfc2    0.137056 0.032995 0.000000 0.263008 0.071701 
 Compar  0.223033 0.271891 0.263008 0.000000 0.260470 
 Ppmz    0.125635 0.078046 0.071701 0.260470 0.000000 


