compatibilityTable_LtoL
          7Zip     Mfc1     Mfc2     Compar   Ppmz    
 7Zip    0.000000 2.472222 2.347222 3.583333 2.180556 
 Mfc1    2.472222 0.000000 0.569444 4.388889 1.305556 
 Mfc2    2.347222 0.569444 0.000000 4.277778 1.236111 
 Compar  3.583333 4.388889 4.277778 0.000000 4.263889 
 Ppmz    2.180556 1.305556 1.236111 4.263889 0.000000 


new_compatibilityTable_LtoL
          7Zip     Mfc1     Mfc2     Compar   Ppmz    
 7Zip    0.000000 0.154514 0.146701 0.223958 0.136285 
 Mfc1    0.154514 0.000000 0.035590 0.274306 0.081597 
 Mfc2    0.146701 0.035590 0.000000 0.267361 0.077257 
 Compar  0.223958 0.274306 0.267361 0.000000 0.266493 
 Ppmz    0.136285 0.081597 0.077257 0.266493 0.000000 


