compatibilityTable_LtoL
          7Zip     Mfc1     Mfc2     Compar   Ppmz    
 7Zip    0.000000 2.316327 2.193877 3.571429 2.000000 
 Mfc1    2.316327 0.000000 0.530612 4.367347 1.244898 
 Mfc2    2.193877 0.530612 0.000000 4.224490 1.142857 
 Compar  3.571429 4.367347 4.224490 0.000000 4.173470 
 Ppmz    2.000000 1.244898 1.142857 4.173470 0.000000 


new_compatibilityTable_LtoL
          7Zip     Mfc1     Mfc2     Compar   Ppmz    
 7Zip    0.000000 0.144770 0.137117 0.223214 0.125000 
 Mfc1    0.144770 0.000000 0.033163 0.272959 0.077806 
 Mfc2    0.137117 0.033163 0.000000 0.264031 0.071429 
 Compar  0.223214 0.272959 0.264031 0.000000 0.260842 
 Ppmz    0.125000 0.077806 0.071429 0.260842 0.000000 


