compatibilityTable_LtoL
          7Zip     Mfc1     Mfc2     Compar   Ppmz    
 7Zip    0.000000 2.467532 2.350649 3.636364 2.207792 
 Mfc1    2.467532 0.000000 0.532468 4.493506 1.233766 
 Mfc2    2.350649 0.532468 0.000000 4.389610 1.168831 
 Compar  3.636364 4.493506 4.389610 0.000000 4.389610 
 Ppmz    2.207792 1.233766 1.168831 4.389610 0.000000 


new_compatibilityTable_LtoL
          7Zip     Mfc1     Mfc2     Compar   Ppmz    
 7Zip    0.000000 0.154221 0.146916 0.227273 0.137987 
 Mfc1    0.154221 0.000000 0.033279 0.280844 0.077110 
 Mfc2    0.146916 0.033279 0.000000 0.274351 0.073052 
 Compar  0.227273 0.280844 0.274351 0.000000 0.274351 
 Ppmz    0.137987 0.077110 0.073052 0.274351 0.000000 


