compatibilityTable_LtoL
          7Zip     Mfc1     Mfc2     Compar   Ppmz    
 7Zip    0.000000 2.485714 2.357143 3.557143 2.185714 
 Mfc1    2.485714 0.000000 0.585714 4.357143 1.342857 
 Mfc2    2.357143 0.585714 0.000000 4.242857 1.271429 
 Compar  3.557143 4.357143 4.242857 0.000000 4.228571 
 Ppmz    2.185714 1.342857 1.271429 4.228571 0.000000 


new_compatibilityTable_LtoL
          7Zip     Mfc1     Mfc2     Compar   Ppmz    
 7Zip    0.000000 0.155357 0.147321 0.222321 0.136607 
 Mfc1    0.155357 0.000000 0.036607 0.272321 0.083929 
 Mfc2    0.147321 0.036607 0.000000 0.265179 0.079464 
 Compar  0.222321 0.272321 0.265179 0.000000 0.264286 
 Ppmz    0.136607 0.083929 0.079464 0.264286 0.000000 


