compatibilityTable_LtoL
          7Zip     Mfc1     Mfc2     Compar   Ppmz    
 7Zip    0.000000 2.425000 2.300000 3.600000 2.162500 
 Mfc1    2.425000 0.000000 0.562500 4.450000 1.237500 
 Mfc2    2.300000 0.562500 0.000000 4.312500 1.137500 
 Compar  3.600000 4.450000 4.312500 0.000000 4.325000 
 Ppmz    2.162500 1.237500 1.137500 4.325000 0.000000 


new_compatibilityTable_LtoL
          7Zip     Mfc1     Mfc2     Compar   Ppmz    
 7Zip    0.000000 0.151562 0.143750 0.225000 0.135156 
 Mfc1    0.151562 0.000000 0.035156 0.278125 0.077344 
 Mfc2    0.143750 0.035156 0.000000 0.269531 0.071094 
 Compar  0.225000 0.278125 0.269531 0.000000 0.270312 
 Ppmz    0.135156 0.077344 0.071094 0.270312 0.000000 


