compatibilityTable_LtoL
          7Zip     Mfc1     Mfc2     Compar   Ppmz    
 7Zip    0.000000 2.321608 2.201005 3.582915 2.020101 
 Mfc1    2.321608 0.000000 0.522613 4.356784 1.236181 
 Mfc2    2.201005 0.522613 0.000000 4.216080 1.135678 
 Compar  3.582915 4.356784 4.216080 0.000000 4.175879 
 Ppmz    2.020101 1.236181 1.135678 4.175879 0.000000 


new_compatibilityTable_LtoL
          7Zip     Mfc1     Mfc2     Compar   Ppmz    
 7Zip    0.000000 0.145101 0.137563 0.223932 0.126256 
 Mfc1    0.145101 0.000000 0.032663 0.272299 0.077261 
 Mfc2    0.137563 0.032663 0.000000 0.263505 0.070980 
 Compar  0.223932 0.272299 0.263505 0.000000 0.260992 
 Ppmz    0.126256 0.077261 0.070980 0.260992 0.000000 


