compatibilityTable_LtoL
          7Zip     Mfc1     Mfc2     Compar   Ppmz    
 7Zip    0.000000 2.371308 2.286920 3.784810 2.151899 
 Mfc1    2.371308 0.000000 0.540084 4.552742 1.248945 
 Mfc2    2.286920 0.540084 0.000000 4.417722 1.139241 
 Compar  3.784810 4.552742 4.417722 0.000000 4.400844 
 Ppmz    2.151899 1.248945 1.139241 4.400844 0.000000 


new_compatibilityTable_LtoL
          7Zip     Mfc1     Mfc2     Compar   Ppmz    
 7Zip    0.000000 0.148207 0.142932 0.236551 0.134494 
 Mfc1    0.148207 0.000000 0.033755 0.284546 0.078059 
 Mfc2    0.142932 0.033755 0.000000 0.276108 0.071203 
 Compar  0.236551 0.284546 0.276108 0.000000 0.275053 
 Ppmz    0.134494 0.078059 0.071203 0.275053 0.000000 


