compatibilityTable_LtoL
          7Zip     Mfc1     Mfc2     Compar   Ppmz    
 7Zip    0.000000 2.331606 2.207254 3.538860 1.989637 
 Mfc1    2.331606 0.000000 0.538860 4.367876 1.243523 
 Mfc2    2.207254 0.538860 0.000000 4.222798 1.139896 
 Compar  3.538860 4.367876 4.222798 0.000000 4.160622 
 Ppmz    1.989637 1.243523 1.139896 4.160622 0.000000 


new_compatibilityTable_LtoL
          7Zip     Mfc1     Mfc2     Compar   Ppmz    
 7Zip    0.000000 0.145725 0.137953 0.221179 0.124352 
 Mfc1    0.145725 0.000000 0.033679 0.272992 0.077720 
 Mfc2    0.137953 0.033679 0.000000 0.263925 0.071244 
 Compar  0.221179 0.272992 0.263925 0.000000 0.260039 
 Ppmz    0.124352 0.077720 0.071244 0.260039 0.000000 


