compatibilityTable_LtoL
          7Zip     Mfc1     Mfc2     Compar   Ppmz    
 7Zip    0.000000 2.125000 2.041667 3.208333 2.020833 
 Mfc1    2.125000 0.000000 0.625000 3.729167 1.291667 
 Mfc2    2.041667 0.625000 0.000000 3.666667 1.333333 
 Compar  3.208333 3.729167 3.666667 0.000000 3.812500 
 Ppmz    2.020833 1.291667 1.333333 3.812500 0.000000 


new_compatibilityTable_LtoL
          7Zip     Mfc1     Mfc2     Compar   Ppmz    
 7Zip    0.000000 0.132812 0.127604 0.200521 0.126302 
 Mfc1    0.132812 0.000000 0.039062 0.233073 0.080729 
 Mfc2    0.127604 0.039062 0.000000 0.229167 0.083333 
 Compar  0.200521 0.233073 0.229167 0.000000 0.238281 
 Ppmz    0.126302 0.080729 0.083333 0.238281 0.000000 


