compatibilityTable_LtoL
          7Zip     Mfc1     Mfc2     Compar   Ppmz    
 7Zip    0.000000 2.118812 2.039604 3.138614 1.940594 
 Mfc1    2.118812 0.000000 0.594059 3.712871 1.306931 
 Mfc2    2.039604 0.594059 0.000000 3.653465 1.346535 
 Compar  3.138614 3.712871 3.653465 0.000000 3.712871 
 Ppmz    1.940594 1.306931 1.346535 3.712871 0.000000 


new_compatibilityTable_LtoL
          7Zip     Mfc1     Mfc2     Compar   Ppmz    
 7Zip    0.000000 0.132426 0.127475 0.196163 0.121287 
 Mfc1    0.132426 0.000000 0.037129 0.232054 0.081683 
 Mfc2    0.127475 0.037129 0.000000 0.228342 0.084158 
 Compar  0.196163 0.232054 0.228342 0.000000 0.232054 
 Ppmz    0.121287 0.081683 0.084158 0.232054 0.000000 


