compatibilityTable_LtoL
          7Zip     Mfc1     Mfc2     Compar   Ppmz    
 7Zip    0.000000 2.429907 2.355140 3.224299 2.224299 
 Mfc1    2.429907 0.000000 0.579439 4.065421 1.308411 
 Mfc2    2.355140 0.579439 0.000000 4.009346 1.327103 
 Compar  3.224299 4.065421 4.009346 0.000000 4.046729 
 Ppmz    2.224299 1.308411 1.327103 4.046729 0.000000 


new_compatibilityTable_LtoL
          7Zip     Mfc1     Mfc2     Compar   Ppmz    
 7Zip    0.000000 0.151869 0.147196 0.201519 0.139019 
 Mfc1    0.151869 0.000000 0.036215 0.254089 0.081776 
 Mfc2    0.147196 0.036215 0.000000 0.250584 0.082944 
 Compar  0.201519 0.254089 0.250584 0.000000 0.252921 
 Ppmz    0.139019 0.081776 0.082944 0.252921 0.000000 


