compatibilityTable_LtoL
          7Zip     Mfc1     Mfc2     Compar   Ppmz    
 7Zip    0.000000 2.405406 2.337838 3.972973 2.229730 
 Mfc1    2.405406 0.000000 0.547297 4.567567 1.256757 
 Mfc2    2.337838 0.547297 0.000000 4.445946 1.189189 
 Compar  3.972973 4.567567 4.445946 0.000000 4.472973 
 Ppmz    2.229730 1.256757 1.189189 4.472973 0.000000 


new_compatibilityTable_LtoL
          7Zip     Mfc1     Mfc2     Compar   Ppmz    
 7Zip    0.000000 0.150338 0.146115 0.248311 0.139358 
 Mfc1    0.150338 0.000000 0.034206 0.285473 0.078547 
 Mfc2    0.146115 0.034206 0.000000 0.277872 0.074324 
 Compar  0.248311 0.285473 0.277872 0.000000 0.279561 
 Ppmz    0.139358 0.078547 0.074324 0.279561 0.000000 


