compatibilityTable_LtoL
          7Zip     Mfc1     Mfc2     Compar   Ppmz    
 7Zip    0.000000 2.340206 2.216495 3.567010 2.000000 
 Mfc1    2.340206 0.000000 0.536082 4.371134 1.237113 
 Mfc2    2.216495 0.536082 0.000000 4.226804 1.134021 
 Compar  3.567010 4.371134 4.226804 0.000000 4.164948 
 Ppmz    2.000000 1.237113 1.134021 4.164948 0.000000 


new_compatibilityTable_LtoL
          7Zip     Mfc1     Mfc2     Compar   Ppmz    
 7Zip    0.000000 0.146263 0.138531 0.222938 0.125000 
 Mfc1    0.146263 0.000000 0.033505 0.273196 0.077320 
 Mfc2    0.138531 0.033505 0.000000 0.264175 0.070876 
 Compar  0.222938 0.273196 0.264175 0.000000 0.260309 
 Ppmz    0.125000 0.077320 0.070876 0.260309 0.000000 


