compatibilityTable_LtoL
          7Zip     Mfc1     Mfc2     Compar   Ppmz    
 7Zip    0.000000 2.261905 2.190476 3.238095 2.119048 
 Mfc1    2.261905 0.000000 0.690476 3.785714 1.380952 
 Mfc2    2.190476 0.690476 0.000000 3.738095 1.452381 
 Compar  3.238095 3.785714 3.738095 0.000000 3.833333 
 Ppmz    2.119048 1.380952 1.452381 3.833333 0.000000 


new_compatibilityTable_LtoL
          7Zip     Mfc1     Mfc2     Compar   Ppmz    
 7Zip    0.000000 0.141369 0.136905 0.202381 0.132440 
 Mfc1    0.141369 0.000000 0.043155 0.236607 0.086310 
 Mfc2    0.136905 0.043155 0.000000 0.233631 0.090774 
 Compar  0.202381 0.236607 0.233631 0.000000 0.239583 
 Ppmz    0.132440 0.086310 0.090774 0.239583 0.000000 


