compatibilityTable_LtoL
          7Zip     Mfc1     Mfc2     Compar   Ppmz    
 7Zip    0.000000 2.514493 2.449275 4.065217 2.333333 
 Mfc1    2.514493 0.000000 0.579710 4.702899 1.297101 
 Mfc2    2.449275 0.579710 0.000000 4.579710 1.217391 
 Compar  4.065217 4.702899 4.579710 0.000000 4.594203 
 Ppmz    2.333333 1.297101 1.217391 4.594203 0.000000 


new_compatibilityTable_LtoL
          7Zip     Mfc1     Mfc2     Compar   Ppmz    
 7Zip    0.000000 0.157156 0.153080 0.254076 0.145833 
 Mfc1    0.157156 0.000000 0.036232 0.293931 0.081069 
 Mfc2    0.153080 0.036232 0.000000 0.286232 0.076087 
 Compar  0.254076 0.293931 0.286232 0.000000 0.287138 
 Ppmz    0.145833 0.081069 0.076087 0.287138 0.000000 


