compatibilityTable_LtoL
          7Zip     Mfc1     Mfc2     Compar   Ppmz    
 7Zip    0.000000 2.581395 2.496124 4.085271 2.356589 
 Mfc1    2.581395 0.000000 0.581395 4.782946 1.317829 
 Mfc2    2.496124 0.581395 0.000000 4.643411 1.224806 
 Compar  4.085271 4.782946 4.643411 0.000000 4.666667 
 Ppmz    2.356589 1.317829 1.224806 4.666667 0.000000 


new_compatibilityTable_LtoL
          7Zip     Mfc1     Mfc2     Compar   Ppmz    
 7Zip    0.000000 0.161337 0.156008 0.255329 0.147287 
 Mfc1    0.161337 0.000000 0.036337 0.298934 0.082364 
 Mfc2    0.156008 0.036337 0.000000 0.290213 0.076550 
 Compar  0.255329 0.298934 0.290213 0.000000 0.291667 
 Ppmz    0.147287 0.082364 0.076550 0.291667 0.000000 


