compatibilityTable_LtoL
          7Zip     Mfc1     Mfc2     Compar   Ppmz    
 7Zip    0.000000 2.194444 2.111111 3.083333 2.083333 
 Mfc1    2.194444 0.000000 0.777778 3.666667 1.222222 
 Mfc2    2.111111 0.777778 0.000000 3.583333 1.333333 
 Compar  3.083333 3.666667 3.583333 0.000000 3.638889 
 Ppmz    2.083333 1.222222 1.333333 3.638889 0.000000 


new_compatibilityTable_LtoL
          7Zip     Mfc1     Mfc2     Compar   Ppmz    
 7Zip    0.000000 0.137153 0.131944 0.192708 0.130208 
 Mfc1    0.137153 0.000000 0.048611 0.229167 0.076389 
 Mfc2    0.131944 0.048611 0.000000 0.223958 0.083333 
 Compar  0.192708 0.229167 0.223958 0.000000 0.227431 
 Ppmz    0.130208 0.076389 0.083333 0.227431 0.000000 


