compatibilityTable_LtoL
          7Zip     Mfc1     Mfc2     Compar   Ppmz    
 7Zip    0.000000 2.446154 2.323077 3.353846 2.215385 
 Mfc1    2.446154 0.000000 0.584615 4.230769 1.353846 
 Mfc2    2.323077 0.584615 0.000000 4.123077 1.261539 
 Compar  3.353846 4.230769 4.123077 0.000000 4.123077 
 Ppmz    2.215385 1.353846 1.261539 4.123077 0.000000 


new_compatibilityTable_LtoL
          7Zip     Mfc1     Mfc2     Compar   Ppmz    
 7Zip    0.000000 0.152885 0.145192 0.209615 0.138462 
 Mfc1    0.152885 0.000000 0.036538 0.264423 0.084615 
 Mfc2    0.145192 0.036538 0.000000 0.257692 0.078846 
 Compar  0.209615 0.264423 0.257692 0.000000 0.257692 
 Ppmz    0.138462 0.084615 0.078846 0.257692 0.000000 


