compatibilityTable_LtoL
          7Zip     Mfc1     Mfc2     Compar   Ppmz    
 7Zip    0.000000 2.528926 2.380165 3.247934 2.247934 
 Mfc1    2.528926 0.000000 0.611570 4.190083 1.338843 
 Mfc2    2.380165 0.611570 0.000000 4.057851 1.256198 
 Compar  3.247934 4.190083 4.057851 0.000000 4.074380 
 Ppmz    2.247934 1.338843 1.256198 4.074380 0.000000 


new_compatibilityTable_LtoL
          7Zip     Mfc1     Mfc2     Compar   Ppmz    
 7Zip    0.000000 0.158058 0.148760 0.202996 0.140496 
 Mfc1    0.158058 0.000000 0.038223 0.261880 0.083678 
 Mfc2    0.148760 0.038223 0.000000 0.253616 0.078512 
 Compar  0.202996 0.261880 0.253616 0.000000 0.254649 
 Ppmz    0.140496 0.083678 0.078512 0.254649 0.000000 


