compatibilityTable_LtoL
          7Zip     Mfc1     Mfc2     Compar   Ppmz    
 7Zip    0.000000 2.576000 2.488000 4.048000 2.320000 
 Mfc1    2.576000 0.000000 0.600000 4.776000 1.312000 
 Mfc2    2.488000 0.600000 0.000000 4.632000 1.216000 
 Compar  4.048000 4.776000 4.632000 0.000000 4.664000 
 Ppmz    2.320000 1.312000 1.216000 4.664000 0.000000 


new_compatibilityTable_LtoL
          7Zip     Mfc1     Mfc2     Compar   Ppmz    
 7Zip    0.000000 0.161000 0.155500 0.253000 0.145000 
 Mfc1    0.161000 0.000000 0.037500 0.298500 0.082000 
 Mfc2    0.155500 0.037500 0.000000 0.289500 0.076000 
 Compar  0.253000 0.298500 0.289500 0.000000 0.291500 
 Ppmz    0.145000 0.082000 0.076000 0.291500 0.000000 


