compatibilityTable_LtoL
          7Zip     Mfc1     Mfc2     Compar   Ppmz    
 7Zip    0.000000 2.452055 2.328767 3.616438 2.164384 
 Mfc1    2.452055 0.000000 0.561644 4.424657 1.287671 
 Mfc2    2.328767 0.561644 0.000000 4.315069 1.219178 
 Compar  3.616438 4.424657 4.315069 0.000000 4.301370 
 Ppmz    2.164384 1.287671 1.219178 4.301370 0.000000 


new_compatibilityTable_LtoL
          7Zip     Mfc1     Mfc2     Compar   Ppmz    
 7Zip    0.000000 0.153253 0.145548 0.226027 0.135274 
 Mfc1    0.153253 0.000000 0.035103 0.276541 0.080479 
 Mfc2    0.145548 0.035103 0.000000 0.269692 0.076199 
 Compar  0.226027 0.276541 0.269692 0.000000 0.268836 
 Ppmz    0.135274 0.080479 0.076199 0.268836 0.000000 


