compatibilityTable_LtoL
          7Zip     Mfc1     Mfc2     Compar   Ppmz    
 7Zip    0.000000 2.388235 2.247059 3.588235 2.094118 
 Mfc1    2.388235 0.000000 0.552941 4.470588 1.235294 
 Mfc2    2.247059 0.552941 0.000000 4.317647 1.117647 
 Compar  3.588235 4.470588 4.317647 0.000000 4.294117 
 Ppmz    2.094118 1.235294 1.117647 4.294117 0.000000 


new_compatibilityTable_LtoL
          7Zip     Mfc1     Mfc2     Compar   Ppmz    
 7Zip    0.000000 0.149265 0.140441 0.224265 0.130882 
 Mfc1    0.149265 0.000000 0.034559 0.279412 0.077206 
 Mfc2    0.140441 0.034559 0.000000 0.269853 0.069853 
 Compar  0.224265 0.279412 0.269853 0.000000 0.268382 
 Ppmz    0.130882 0.077206 0.069853 0.268382 0.000000 


