compatibilityTable_LtoL
          7Zip     Mfc1     Mfc2     Compar   Ppmz    
 7Zip    0.000000 2.427586 2.365517 4.000000 2.262069 
 Mfc1    2.427586 0.000000 0.551724 4.593103 1.255172 
 Mfc2    2.365517 0.551724 0.000000 4.475862 1.179310 
 Compar  4.000000 4.593103 4.475862 0.000000 4.510345 
 Ppmz    2.262069 1.255172 1.179310 4.510345 0.000000 


new_compatibilityTable_LtoL
          7Zip     Mfc1     Mfc2     Compar   Ppmz    
 7Zip    0.000000 0.151724 0.147845 0.250000 0.141379 
 Mfc1    0.151724 0.000000 0.034483 0.287069 0.078448 
 Mfc2    0.147845 0.034483 0.000000 0.279741 0.073707 
 Compar  0.250000 0.287069 0.279741 0.000000 0.281897 
 Ppmz    0.141379 0.078448 0.073707 0.281897 0.000000 


