compatibilityTable_LtoL
          7Zip     Mfc1     Mfc2     Compar   Ppmz    
 7Zip    0.000000 2.200000 2.111111 3.288889 2.044445 
 Mfc1    2.200000 0.000000 0.666667 3.777778 1.333333 
 Mfc2    2.111111 0.666667 0.000000 3.711111 1.377778 
 Compar  3.288889 3.777778 3.711111 0.000000 3.822222 
 Ppmz    2.044445 1.333333 1.377778 3.822222 0.000000 


new_compatibilityTable_LtoL
          7Zip     Mfc1     Mfc2     Compar   Ppmz    
 7Zip    0.000000 0.137500 0.131944 0.205556 0.127778 
 Mfc1    0.137500 0.000000 0.041667 0.236111 0.083333 
 Mfc2    0.131944 0.041667 0.000000 0.231944 0.086111 
 Compar  0.205556 0.236111 0.231944 0.000000 0.238889 
 Ppmz    0.127778 0.083333 0.086111 0.238889 0.000000 


