compatibilityTable_LtoL
          7Zip     Mfc1     Mfc2     Compar   Ppmz    
 7Zip    0.000000 2.029851 1.880597 2.940299 1.820896 
 Mfc1    2.029851 0.000000 0.776119 3.388060 1.134328 
 Mfc2    1.880597 0.776119 0.000000 3.268657 1.194030 
 Compar  2.940299 3.388060 3.268657 0.000000 3.328358 
 Ppmz    1.820896 1.134328 1.194030 3.328358 0.000000 


new_compatibilityTable_LtoL
          7Zip     Mfc1     Mfc2     Compar   Ppmz    
 7Zip    0.000000 0.126866 0.117537 0.183769 0.113806 
 Mfc1    0.126866 0.000000 0.048507 0.211754 0.070896 
 Mfc2    0.117537 0.048507 0.000000 0.204291 0.074627 
 Compar  0.183769 0.211754 0.204291 0.000000 0.208022 
 Ppmz    0.113806 0.070896 0.074627 0.208022 0.000000 


