compatibilityTable_LtoL
          7Zip     Mfc1     Mfc2     Compar   Ppmz    
 7Zip    0.000000 2.590038 2.513410 4.072797 2.367816 
 Mfc1    2.590038 0.000000 0.582375 4.754789 1.310345 
 Mfc2    2.513410 0.582375 0.000000 4.624521 1.226054 
 Compar  4.072797 4.754789 4.624521 0.000000 4.647510 
 Ppmz    2.367816 1.310345 1.226054 4.647510 0.000000 


new_compatibilityTable_LtoL
          7Zip     Mfc1     Mfc2     Compar   Ppmz    
 7Zip    0.000000 0.161877 0.157088 0.254550 0.147989 
 Mfc1    0.161877 0.000000 0.036398 0.297174 0.081897 
 Mfc2    0.157088 0.036398 0.000000 0.289033 0.076628 
 Compar  0.254550 0.297174 0.289033 0.000000 0.290469 
 Ppmz    0.147989 0.081897 0.076628 0.290469 0.000000 


