compatibilityTable_LtoL
          7Zip     Mfc1     Mfc2     Compar   Ppmz    
 7Zip    0.000000 2.321951 2.214634 3.614634 2.039024 
 Mfc1    2.321951 0.000000 0.526829 4.414634 1.219512 
 Mfc2    2.214634 0.526829 0.000000 4.278049 1.102439 
 Compar  3.614634 4.414634 4.278049 0.000000 4.239024 
 Ppmz    2.039024 1.219512 1.102439 4.239024 0.000000 


new_compatibilityTable_LtoL
          7Zip     Mfc1     Mfc2     Compar   Ppmz    
 7Zip    0.000000 0.145122 0.138415 0.225915 0.127439 
 Mfc1    0.145122 0.000000 0.032927 0.275915 0.076220 
 Mfc2    0.138415 0.032927 0.000000 0.267378 0.068902 
 Compar  0.225915 0.275915 0.267378 0.000000 0.264939 
 Ppmz    0.127439 0.076220 0.068902 0.264939 0.000000 


