compatibilityTable_LtoL
          7Zip     Mfc1     Mfc2     Compar   Ppmz    
 7Zip    0.000000 2.030769 1.876923 2.876923 1.815385 
 Mfc1    2.030769 0.000000 0.738462 3.307692 1.107692 
 Mfc2    1.876923 0.738462 0.000000 3.153846 1.169231 
 Compar  2.876923 3.307692 3.153846 0.000000 3.246154 
 Ppmz    1.815385 1.107692 1.169231 3.246154 0.000000 


new_compatibilityTable_LtoL
          7Zip     Mfc1     Mfc2     Compar   Ppmz    
 7Zip    0.000000 0.126923 0.117308 0.179808 0.113462 
 Mfc1    0.126923 0.000000 0.046154 0.206731 0.069231 
 Mfc2    0.117308 0.046154 0.000000 0.197115 0.073077 
 Compar  0.179808 0.206731 0.197115 0.000000 0.202885 
 Ppmz    0.113462 0.069231 0.073077 0.202885 0.000000 


