compatibilityTable_LtoL
          7Zip     Mfc1     Mfc2     Compar   Ppmz    
 7Zip    0.000000 2.300469 2.197183 3.610329 2.046948 
 Mfc1    2.300469 0.000000 0.507042 4.427230 1.211268 
 Mfc2    2.197183 0.507042 0.000000 4.295774 1.098592 
 Compar  3.610329 4.427230 4.295774 0.000000 4.239437 
 Ppmz    2.046948 1.211268 1.098592 4.239437 0.000000 


new_compatibilityTable_LtoL
          7Zip     Mfc1     Mfc2     Compar   Ppmz    
 7Zip    0.000000 0.143779 0.137324 0.225646 0.127934 
 Mfc1    0.143779 0.000000 0.031690 0.276702 0.075704 
 Mfc2    0.137324 0.031690 0.000000 0.268486 0.068662 
 Compar  0.225646 0.276702 0.268486 0.000000 0.264965 
 Ppmz    0.127934 0.075704 0.068662 0.264965 0.000000 


