compatibilityTable_LtoL
          7Zip     Mfc1     Mfc2     Compar   Ppmz    
 7Zip    0.000000 2.474820 2.359712 3.546763 2.201439 
 Mfc1    2.474820 0.000000 0.575540 4.323741 1.323741 
 Mfc2    2.359712 0.575540 0.000000 4.223022 1.266187 
 Compar  3.546763 4.323741 4.223022 0.000000 4.223022 
 Ppmz    2.201439 1.323741 1.266187 4.223022 0.000000 


new_compatibilityTable_LtoL
          7Zip     Mfc1     Mfc2     Compar   Ppmz    
 7Zip    0.000000 0.154676 0.147482 0.221673 0.137590 
 Mfc1    0.154676 0.000000 0.035971 0.270234 0.082734 
 Mfc2    0.147482 0.035971 0.000000 0.263939 0.079137 
 Compar  0.221673 0.270234 0.263939 0.000000 0.263939 
 Ppmz    0.137590 0.082734 0.079137 0.263939 0.000000 


