compatibilityTable_LtoL
          7Zip     Mfc1     Mfc2     Compar   Ppmz    
 7Zip    0.000000 2.548872 2.473684 4.067669 2.353384 
 Mfc1    2.548872 0.000000 0.571429 4.736842 1.315789 
 Mfc2    2.473684 0.571429 0.000000 4.609023 1.233083 
 Compar  4.067669 4.736842 4.609023 0.000000 4.631579 
 Ppmz    2.353384 1.315789 1.233083 4.631579 0.000000 


new_compatibilityTable_LtoL
          7Zip     Mfc1     Mfc2     Compar   Ppmz    
 7Zip    0.000000 0.159305 0.154605 0.254229 0.147086 
 Mfc1    0.159305 0.000000 0.035714 0.296053 0.082237 
 Mfc2    0.154605 0.035714 0.000000 0.288064 0.077068 
 Compar  0.254229 0.296053 0.288064 0.000000 0.289474 
 Ppmz    0.147086 0.082237 0.077068 0.289474 0.000000 


