compatibilityTable_LtoL
          7Zip     Mfc1     Mfc2     Compar   Ppmz    
 7Zip    0.000000 2.497925 2.406639 3.854772 2.257262 
 Mfc1    2.497925 0.000000 0.572614 4.643154 1.302905 
 Mfc2    2.406639 0.572614 0.000000 4.510374 1.186722 
 Compar  3.854772 4.643154 4.510374 0.000000 4.502075 
 Ppmz    2.257262 1.302905 1.186722 4.502075 0.000000 


new_compatibilityTable_LtoL
          7Zip     Mfc1     Mfc2     Compar   Ppmz    
 7Zip    0.000000 0.156120 0.150415 0.240923 0.141079 
 Mfc1    0.156120 0.000000 0.035788 0.290197 0.081432 
 Mfc2    0.150415 0.035788 0.000000 0.281898 0.074170 
 Compar  0.240923 0.290197 0.281898 0.000000 0.281380 
 Ppmz    0.141079 0.081432 0.074170 0.281380 0.000000 


