compatibilityTable_LtoL
          7Zip     Mfc1     Mfc2     Compar   Ppmz    
 7Zip    0.000000 2.301724 2.198276 3.724138 2.068965 
 Mfc1    2.301724 0.000000 0.508621 4.491379 1.250000 
 Mfc2    2.198276 0.508621 0.000000 4.370690 1.137931 
 Compar  3.724138 4.491379 4.370690 0.000000 4.344828 
 Ppmz    2.068965 1.250000 1.137931 4.344828 0.000000 


new_compatibilityTable_LtoL
          7Zip     Mfc1     Mfc2     Compar   Ppmz    
 7Zip    0.000000 0.143858 0.137392 0.232759 0.129310 
 Mfc1    0.143858 0.000000 0.031789 0.280711 0.078125 
 Mfc2    0.137392 0.031789 0.000000 0.273168 0.071121 
 Compar  0.232759 0.280711 0.273168 0.000000 0.271552 
 Ppmz    0.129310 0.078125 0.071121 0.271552 0.000000 


