compatibilityTable_LtoL
          7Zip     Mfc1     Mfc2     Compar   Ppmz    
 7Zip    0.000000 2.258824 2.164706 3.258824 2.094118 
 Mfc1    2.258824 0.000000 0.705882 3.823529 1.388235 
 Mfc2    2.164706 0.705882 0.000000 3.752941 1.435294 
 Compar  3.258824 3.823529 3.752941 0.000000 3.847059 
 Ppmz    2.094118 1.388235 1.435294 3.847059 0.000000 


new_compatibilityTable_LtoL
          7Zip     Mfc1     Mfc2     Compar   Ppmz    
 7Zip    0.000000 0.141176 0.135294 0.203676 0.130882 
 Mfc1    0.141176 0.000000 0.044118 0.238971 0.086765 
 Mfc2    0.135294 0.044118 0.000000 0.234559 0.089706 
 Compar  0.203676 0.238971 0.234559 0.000000 0.240441 
 Ppmz    0.130882 0.086765 0.089706 0.240441 0.000000 


