compatibilityTable_LtoL
          7Zip     Mfc1     Mfc2     Compar   Ppmz    
 7Zip    0.000000 2.601562 2.515625 4.078125 2.375000 
 Mfc1    2.601562 0.000000 0.585938 4.781250 1.328125 
 Mfc2    2.515625 0.585938 0.000000 4.640625 1.234375 
 Compar  4.078125 4.781250 4.640625 0.000000 4.664062 
 Ppmz    2.375000 1.328125 1.234375 4.664062 0.000000 


new_compatibilityTable_LtoL
          7Zip     Mfc1     Mfc2     Compar   Ppmz    
 7Zip    0.000000 0.162598 0.157227 0.254883 0.148438 
 Mfc1    0.162598 0.000000 0.036621 0.298828 0.083008 
 Mfc2    0.157227 0.036621 0.000000 0.290039 0.077148 
 Compar  0.254883 0.298828 0.290039 0.000000 0.291504 
 Ppmz    0.148438 0.083008 0.077148 0.291504 0.000000 


