compatibilityTable_LtoL
          7Zip     Mfc1     Mfc2     Compar   Ppmz    
 7Zip    0.000000 2.439024 2.376307 3.996516 2.271777 
 Mfc1    2.439024 0.000000 0.557491 4.588850 1.268293 
 Mfc2    2.376307 0.557491 0.000000 4.470383 1.191638 
 Compar  3.996516 4.588850 4.470383 0.000000 4.505227 
 Ppmz    2.271777 1.268293 1.191638 4.505227 0.000000 


new_compatibilityTable_LtoL
          7Zip     Mfc1     Mfc2     Compar   Ppmz    
 7Zip    0.000000 0.152439 0.148519 0.249782 0.141986 
 Mfc1    0.152439 0.000000 0.034843 0.286803 0.079268 
 Mfc2    0.148519 0.034843 0.000000 0.279399 0.074477 
 Compar  0.249782 0.286803 0.279399 0.000000 0.281577 
 Ppmz    0.141986 0.079268 0.074477 0.281577 0.000000 


