compatibilityTable_LtoL
          7Zip     Mfc1     Mfc2     Compar   Ppmz    
 7Zip    0.000000 2.440945 2.299213 3.314961 2.188976 
 Mfc1    2.440945 0.000000 0.582677 4.212598 1.291339 
 Mfc2    2.299213 0.582677 0.000000 4.086614 1.212598 
 Compar  3.314961 4.212598 4.086614 0.000000 4.086614 
 Ppmz    2.188976 1.291339 1.212598 4.086614 0.000000 


new_compatibilityTable_LtoL
          7Zip     Mfc1     Mfc2     Compar   Ppmz    
 7Zip    0.000000 0.152559 0.143701 0.207185 0.136811 
 Mfc1    0.152559 0.000000 0.036417 0.263287 0.080709 
 Mfc2    0.143701 0.036417 0.000000 0.255413 0.075787 
 Compar  0.207185 0.263287 0.255413 0.000000 0.255413 
 Ppmz    0.136811 0.080709 0.075787 0.255413 0.000000 


