compatibilityTable_LtoL
          7Zip     Mfc1     Mfc2     Compar   Ppmz    
 7Zip    0.000000 2.291892 2.151351 3.508108 1.956757 
 Mfc1    2.291892 0.000000 0.540541 4.362162 1.210811 
 Mfc2    2.151351 0.540541 0.000000 4.200000 1.091892 
 Compar  3.508108 4.362162 4.200000 0.000000 4.167568 
 Ppmz    1.956757 1.210811 1.091892 4.167568 0.000000 


new_compatibilityTable_LtoL
          7Zip     Mfc1     Mfc2     Compar   Ppmz    
 7Zip    0.000000 0.143243 0.134459 0.219257 0.122297 
 Mfc1    0.143243 0.000000 0.033784 0.272635 0.075676 
 Mfc2    0.134459 0.033784 0.000000 0.262500 0.068243 
 Compar  0.219257 0.272635 0.262500 0.000000 0.260473 
 Ppmz    0.122297 0.075676 0.068243 0.260473 0.000000 


