compatibilityTable_LtoL
          7Zip     Mfc1     Mfc2     Compar   Ppmz    
 7Zip    0.000000 2.224719 2.134831 3.292135 2.067416 
 Mfc1    2.224719 0.000000 0.674157 3.786517 1.348315 
 Mfc2    2.134831 0.674157 0.000000 3.719101 1.393258 
 Compar  3.292135 3.786517 3.719101 0.000000 3.831461 
 Ppmz    2.067416 1.348315 1.393258 3.831461 0.000000 


new_compatibilityTable_LtoL
          7Zip     Mfc1     Mfc2     Compar   Ppmz    
 7Zip    0.000000 0.139045 0.133427 0.205758 0.129213 
 Mfc1    0.139045 0.000000 0.042135 0.236657 0.084270 
 Mfc2    0.133427 0.042135 0.000000 0.232444 0.087079 
 Compar  0.205758 0.236657 0.232444 0.000000 0.239466 
 Ppmz    0.129213 0.084270 0.087079 0.239466 0.000000 


