compatibilityTable_LtoL
          7Zip     Mfc1     Mfc2     Compar   Ppmz    
 7Zip    0.000000 2.579151 2.501930 4.081081 2.355212 
 Mfc1    2.579151 0.000000 0.586873 4.768340 1.312741 
 Mfc2    2.501930 0.586873 0.000000 4.637065 1.227799 
 Compar  4.081081 4.768340 4.637065 0.000000 4.652510 
 Ppmz    2.355212 1.312741 1.227799 4.652510 0.000000 


new_compatibilityTable_LtoL
          7Zip     Mfc1     Mfc2     Compar   Ppmz    
 7Zip    0.000000 0.161197 0.156371 0.255068 0.147201 
 Mfc1    0.161197 0.000000 0.036680 0.298021 0.082046 
 Mfc2    0.156371 0.036680 0.000000 0.289817 0.076737 
 Compar  0.255068 0.298021 0.289817 0.000000 0.290782 
 Ppmz    0.147201 0.082046 0.076737 0.290782 0.000000 


