compatibilityTable_LtoL
          7Zip     Mfc1     Mfc2     Compar   Ppmz    
 7Zip    0.000000 2.888889 2.888889 3.222222 2.000000 
 Mfc1    2.888889 0.000000 0.666667 4.111111 1.111111 
 Mfc2    2.888889 0.666667 0.000000 4.111111 0.888889 
 Compar  3.222222 4.111111 4.111111 0.000000 3.666667 
 Ppmz    2.000000 1.111111 0.888889 3.666667 0.000000 


new_compatibilityTable_LtoL
          7Zip     Mfc1     Mfc2     Compar   Ppmz    
 7Zip    0.000000 0.180556 0.180556 0.201389 0.125000 
 Mfc1    0.180556 0.000000 0.041667 0.256944 0.069444 
 Mfc2    0.180556 0.041667 0.000000 0.256944 0.055556 
 Compar  0.201389 0.256944 0.256944 0.000000 0.229167 
 Ppmz    0.125000 0.069444 0.055556 0.229167 0.000000 


