compatibilityTable_LtoL
          7Zip     Mfc1     Mfc2     Compar   Ppmz    
 7Zip    0.000000 2.476191 2.353741 3.639456 2.190476 
 Mfc1    2.476191 0.000000 0.557823 4.469388 1.278912 
 Mfc2    2.353741 0.557823 0.000000 4.360544 1.210884 
 Compar  3.639456 4.469388 4.360544 0.000000 4.346939 
 Ppmz    2.190476 1.278912 1.210884 4.346939 0.000000 


new_compatibilityTable_LtoL
          7Zip     Mfc1     Mfc2     Compar   Ppmz    
 7Zip    0.000000 0.154762 0.147109 0.227466 0.136905 
 Mfc1    0.154762 0.000000 0.034864 0.279337 0.079932 
 Mfc2    0.147109 0.034864 0.000000 0.272534 0.075680 
 Compar  0.227466 0.279337 0.272534 0.000000 0.271684 
 Ppmz    0.136905 0.079932 0.075680 0.271684 0.000000 


