compatibilityTable_LtoL
          7Zip     Mfc1     Mfc2     Compar   Ppmz    
 7Zip    0.000000 2.571429 2.428571 2.928571 2.214286 
 Mfc1    2.571429 0.000000 0.857143 3.642857 1.642857 
 Mfc2    2.428571 0.857143 0.000000 3.428571 1.642857 
 Compar  2.928571 3.642857 3.428571 0.000000 3.500000 
 Ppmz    2.214286 1.642857 1.642857 3.500000 0.000000 


new_compatibilityTable_LtoL
          7Zip     Mfc1     Mfc2     Compar   Ppmz    
 7Zip    0.000000 0.160714 0.151786 0.183036 0.138393 
 Mfc1    0.160714 0.000000 0.053571 0.227679 0.102679 
 Mfc2    0.151786 0.053571 0.000000 0.214286 0.102679 
 Compar  0.183036 0.227679 0.214286 0.000000 0.218750 
 Ppmz    0.138393 0.102679 0.102679 0.218750 0.000000 


