compatibilityTable_LtoL
          7Zip     Mfc1     Mfc2     Compar   Ppmz    
 7Zip    0.000000 2.240000 2.160000 3.106667 2.106667 
 Mfc1    2.240000 0.000000 0.773333 3.586667 1.280000 
 Mfc2    2.160000 0.773333 0.000000 3.533333 1.360000 
 Compar  3.106667 3.586667 3.533333 0.000000 3.640000 
 Ppmz    2.106667 1.280000 1.360000 3.640000 0.000000 


new_compatibilityTable_LtoL
          7Zip     Mfc1     Mfc2     Compar   Ppmz    
 7Zip    0.000000 0.140000 0.135000 0.194167 0.131667 
 Mfc1    0.140000 0.000000 0.048333 0.224167 0.080000 
 Mfc2    0.135000 0.048333 0.000000 0.220833 0.085000 
 Compar  0.194167 0.224167 0.220833 0.000000 0.227500 
 Ppmz    0.131667 0.080000 0.085000 0.227500 0.000000 


