compatibilityTable_LtoL
          7Zip     Mfc1     Mfc2     Compar   Ppmz    
 7Zip    0.000000 2.227273 2.136364 3.295455 2.068182 
 Mfc1    2.227273 0.000000 0.681818 3.795455 1.363636 
 Mfc2    2.136364 0.681818 0.000000 3.727273 1.409091 
 Compar  3.295455 3.795455 3.727273 0.000000 3.840909 
 Ppmz    2.068182 1.363636 1.409091 3.840909 0.000000 


new_compatibilityTable_LtoL
          7Zip     Mfc1     Mfc2     Compar   Ppmz    
 7Zip    0.000000 0.139205 0.133523 0.205966 0.129261 
 Mfc1    0.139205 0.000000 0.042614 0.237216 0.085227 
 Mfc2    0.133523 0.042614 0.000000 0.232955 0.088068 
 Compar  0.205966 0.237216 0.232955 0.000000 0.240057 
 Ppmz    0.129261 0.085227 0.088068 0.240057 0.000000 


