compatibilityTable_LtoL
          7Zip     Mfc1     Mfc2     Compar   Ppmz    
 7Zip    0.000000 2.508197 2.360656 3.245902 2.229508 
 Mfc1    2.508197 0.000000 0.606557 4.180328 1.327869 
 Mfc2    2.360656 0.606557 0.000000 4.049181 1.245902 
 Compar  3.245902 4.180328 4.049181 0.000000 4.065574 
 Ppmz    2.229508 1.327869 1.245902 4.065574 0.000000 


new_compatibilityTable_LtoL
          7Zip     Mfc1     Mfc2     Compar   Ppmz    
 7Zip    0.000000 0.156762 0.147541 0.202869 0.139344 
 Mfc1    0.156762 0.000000 0.037910 0.261270 0.082992 
 Mfc2    0.147541 0.037910 0.000000 0.253074 0.077869 
 Compar  0.202869 0.261270 0.253074 0.000000 0.254098 
 Ppmz    0.139344 0.082992 0.077869 0.254098 0.000000 


