compatibilityTable_LtoL
          7Zip     Mfc1     Mfc2     Compar   Ppmz    
 7Zip    0.000000 1.958333 1.791667 2.833333 1.708333 
 Mfc1    1.958333 0.000000 0.708333 3.208333 1.166667 
 Mfc2    1.791667 0.708333 0.000000 3.041667 1.125000 
 Compar  2.833333 3.208333 3.041667 0.000000 3.083333 
 Ppmz    1.708333 1.166667 1.125000 3.083333 0.000000 


new_compatibilityTable_LtoL
          7Zip     Mfc1     Mfc2     Compar   Ppmz    
 7Zip    0.000000 0.122396 0.111979 0.177083 0.106771 
 Mfc1    0.122396 0.000000 0.044271 0.200521 0.072917 
 Mfc2    0.111979 0.044271 0.000000 0.190104 0.070312 
 Compar  0.177083 0.200521 0.190104 0.000000 0.192708 
 Ppmz    0.106771 0.072917 0.070312 0.192708 0.000000 


