compatibilityTable_LtoL
          7Zip     Mfc1     Mfc2     Compar   Ppmz    
 7Zip    0.000000 2.468750 2.328125 3.359375 2.203125 
 Mfc1    2.468750 0.000000 0.578125 4.234375 1.328125 
 Mfc2    2.328125 0.578125 0.000000 4.109375 1.250000 
 Compar  3.359375 4.234375 4.109375 0.000000 4.125000 
 Ppmz    2.203125 1.328125 1.250000 4.125000 0.000000 


new_compatibilityTable_LtoL
          7Zip     Mfc1     Mfc2     Compar   Ppmz    
 7Zip    0.000000 0.154297 0.145508 0.209961 0.137695 
 Mfc1    0.154297 0.000000 0.036133 0.264648 0.083008 
 Mfc2    0.145508 0.036133 0.000000 0.256836 0.078125 
 Compar  0.209961 0.264648 0.256836 0.000000 0.257812 
 Ppmz    0.137695 0.083008 0.078125 0.257812 0.000000 


