compatibilityTable_LtoL
          7Zip     Mfc1     Mfc2     Compar   Ppmz    
 7Zip    0.000000 2.296651 2.191388 3.593302 2.028708 
 Mfc1    2.296651 0.000000 0.516746 4.397129 1.205742 
 Mfc2    2.191388 0.516746 0.000000 4.263158 1.090909 
 Compar  3.593302 4.397129 4.263158 0.000000 4.215311 
 Ppmz    2.028708 1.205742 1.090909 4.215311 0.000000 


new_compatibilityTable_LtoL
          7Zip     Mfc1     Mfc2     Compar   Ppmz    
 7Zip    0.000000 0.143541 0.136962 0.224581 0.126794 
 Mfc1    0.143541 0.000000 0.032297 0.274821 0.075359 
 Mfc2    0.136962 0.032297 0.000000 0.266447 0.068182 
 Compar  0.224581 0.274821 0.266447 0.000000 0.263457 
 Ppmz    0.126794 0.075359 0.068182 0.263457 0.000000 


