compatibilityTable_LtoL
          7Zip     Mfc1     Mfc2     Compar   Ppmz    
 7Zip    0.000000 1.868852 1.737705 2.836066 1.672131 
 Mfc1    1.868852 0.000000 0.721311 3.163934 1.147541 
 Mfc2    1.737705 0.721311 0.000000 3.065574 1.147541 
 Compar  2.836066 3.163934 3.065574 0.000000 3.098361 
 Ppmz    1.672131 1.147541 1.147541 3.098361 0.000000 


new_compatibilityTable_LtoL
          7Zip     Mfc1     Mfc2     Compar   Ppmz    
 7Zip    0.000000 0.116803 0.108607 0.177254 0.104508 
 Mfc1    0.116803 0.000000 0.045082 0.197746 0.071721 
 Mfc2    0.108607 0.045082 0.000000 0.191598 0.071721 
 Compar  0.177254 0.197746 0.191598 0.000000 0.193648 
 Ppmz    0.104508 0.071721 0.071721 0.193648 0.000000 


