compatibilityTable_LtoL
          7Zip     Mfc1     Mfc2     Compar   Ppmz    
 7Zip    0.000000 2.229885 2.137931 3.275862 2.068965 
 Mfc1    2.229885 0.000000 0.689655 3.804598 1.379310 
 Mfc2    2.137931 0.689655 0.000000 3.735632 1.425287 
 Compar  3.275862 3.804598 3.735632 0.000000 3.850575 
 Ppmz    2.068965 1.379310 1.425287 3.850575 0.000000 


new_compatibilityTable_LtoL
          7Zip     Mfc1     Mfc2     Compar   Ppmz    
 7Zip    0.000000 0.139368 0.133621 0.204741 0.129310 
 Mfc1    0.139368 0.000000 0.043103 0.237787 0.086207 
 Mfc2    0.133621 0.043103 0.000000 0.233477 0.089080 
 Compar  0.204741 0.237787 0.233477 0.000000 0.240661 
 Ppmz    0.129310 0.086207 0.089080 0.240661 0.000000 


