compatibilityTable_LtoL
          7Zip     Mfc1     Mfc2     Compar   Ppmz    
 7Zip    0.000000 2.527472 2.461539 4.084249 2.351648 
 Mfc1    2.527472 0.000000 0.586081 4.714286 1.304029 
 Mfc2    2.461539 0.586081 0.000000 4.589744 1.223443 
 Compar  4.084249 4.714286 4.589744 0.000000 4.611722 
 Ppmz    2.351648 1.304029 1.223443 4.611722 0.000000 


new_compatibilityTable_LtoL
          7Zip     Mfc1     Mfc2     Compar   Ppmz    
 7Zip    0.000000 0.157967 0.153846 0.255266 0.146978 
 Mfc1    0.157967 0.000000 0.036630 0.294643 0.081502 
 Mfc2    0.153846 0.036630 0.000000 0.286859 0.076465 
 Compar  0.255266 0.294643 0.286859 0.000000 0.288233 
 Ppmz    0.146978 0.081502 0.076465 0.288233 0.000000 


