compatibilityTable_LtoL
          7Zip     Mfc1     Mfc2     Compar   Ppmz    
 7Zip    0.000000 1.968254 1.809524 2.904762 1.746032 
 Mfc1    1.968254 0.000000 0.761905 3.253968 1.142857 
 Mfc2    1.809524 0.761905 0.000000 3.095238 1.206349 
 Compar  2.904762 3.253968 3.095238 0.000000 3.190476 
 Ppmz    1.746032 1.142857 1.206349 3.190476 0.000000 


new_compatibilityTable_LtoL
          7Zip     Mfc1     Mfc2     Compar   Ppmz    
 7Zip    0.000000 0.123016 0.113095 0.181548 0.109127 
 Mfc1    0.123016 0.000000 0.047619 0.203373 0.071429 
 Mfc2    0.113095 0.047619 0.000000 0.193452 0.075397 
 Compar  0.181548 0.203373 0.193452 0.000000 0.199405 
 Ppmz    0.109127 0.071429 0.075397 0.199405 0.000000 


