compatibilityTable_LtoL
          7Zip     Mfc1     Mfc2     Compar   Ppmz    
 7Zip    0.000000 2.200000 2.085714 3.057143 2.057143 
 Mfc1    2.200000 0.000000 0.771429 3.600000 1.228571 
 Mfc2    2.085714 0.771429 0.000000 3.485714 1.314286 
 Compar  3.057143 3.600000 3.485714 0.000000 3.542857 
 Ppmz    2.057143 1.228571 1.314286 3.542857 0.000000 


new_compatibilityTable_LtoL
          7Zip     Mfc1     Mfc2     Compar   Ppmz    
 7Zip    0.000000 0.137500 0.130357 0.191071 0.128571 
 Mfc1    0.137500 0.000000 0.048214 0.225000 0.076786 
 Mfc2    0.130357 0.048214 0.000000 0.217857 0.082143 
 Compar  0.191071 0.225000 0.217857 0.000000 0.221429 
 Ppmz    0.128571 0.076786 0.082143 0.221429 0.000000 


