compatibilityTable_LtoL
          7Zip     Mfc1     Mfc2     Compar   Ppmz    
 7Zip    0.000000 2.058824 1.911765 3.000000 1.882353 
 Mfc1    2.058824 0.000000 0.764706 3.411765 1.176471 
 Mfc2    1.911765 0.764706 0.000000 3.294118 1.235294 
 Compar  3.000000 3.411765 3.294118 0.000000 3.352941 
 Ppmz    1.882353 1.176471 1.235294 3.352941 0.000000 


new_compatibilityTable_LtoL
          7Zip     Mfc1     Mfc2     Compar   Ppmz    
 7Zip    0.000000 0.128676 0.119485 0.187500 0.117647 
 Mfc1    0.128676 0.000000 0.047794 0.213235 0.073529 
 Mfc2    0.119485 0.047794 0.000000 0.205882 0.077206 
 Compar  0.187500 0.213235 0.205882 0.000000 0.209559 
 Ppmz    0.117647 0.073529 0.077206 0.209559 0.000000 


