compatibilityTable_LtoL
          7Zip     Mfc1     Mfc2     Compar   Ppmz    
 7Zip    0.000000 2.292238 2.191781 3.666667 2.045662 
 Mfc1    2.292238 0.000000 0.493151 4.442923 1.178082 
 Mfc2    2.191781 0.493151 0.000000 4.315069 1.068493 
 Compar  3.666667 4.442923 4.315069 0.000000 4.260274 
 Ppmz    2.045662 1.178082 1.068493 4.260274 0.000000 


new_compatibilityTable_LtoL
          7Zip     Mfc1     Mfc2     Compar   Ppmz    
 7Zip    0.000000 0.143265 0.136986 0.229167 0.127854 
 Mfc1    0.143265 0.000000 0.030822 0.277683 0.073630 
 Mfc2    0.136986 0.030822 0.000000 0.269692 0.066781 
 Compar  0.229167 0.277683 0.269692 0.000000 0.266267 
 Ppmz    0.127854 0.073630 0.066781 0.266267 0.000000 


