compatibilityTable_LtoL
          7Zip     Mfc1     Mfc2     Compar   Ppmz    
 7Zip    0.000000 2.456140 2.392982 4.017544 2.287719 
 Mfc1    2.456140 0.000000 0.561404 4.614035 1.277193 
 Mfc2    2.392982 0.561404 0.000000 4.494737 1.200000 
 Compar  4.017544 4.614035 4.494737 0.000000 4.529825 
 Ppmz    2.287719 1.277193 1.200000 4.529825 0.000000 


new_compatibilityTable_LtoL
          7Zip     Mfc1     Mfc2     Compar   Ppmz    
 7Zip    0.000000 0.153509 0.149561 0.251096 0.142982 
 Mfc1    0.153509 0.000000 0.035088 0.288377 0.079825 
 Mfc2    0.149561 0.035088 0.000000 0.280921 0.075000 
 Compar  0.251096 0.288377 0.280921 0.000000 0.283114 
 Ppmz    0.142982 0.079825 0.075000 0.283114 0.000000 


