compatibilityTable_LtoL
          7Zip     Mfc1     Mfc2     Compar   Ppmz    
 7Zip    0.000000 2.417808 2.356164 4.000000 2.253425 
 Mfc1    2.417808 0.000000 0.547945 4.582192 1.260274 
 Mfc2    2.356164 0.547945 0.000000 4.465754 1.184932 
 Compar  4.000000 4.582192 4.465754 0.000000 4.500000 
 Ppmz    2.253425 1.260274 1.184932 4.500000 0.000000 


new_compatibilityTable_LtoL
          7Zip     Mfc1     Mfc2     Compar   Ppmz    
 7Zip    0.000000 0.151113 0.147260 0.250000 0.140839 
 Mfc1    0.151113 0.000000 0.034247 0.286387 0.078767 
 Mfc2    0.147260 0.034247 0.000000 0.279110 0.074058 
 Compar  0.250000 0.286387 0.279110 0.000000 0.281250 
 Ppmz    0.140839 0.078767 0.074058 0.281250 0.000000 


