compatibilityTable_LtoL
          7Zip     Mfc1     Mfc2     Compar   Ppmz    
 7Zip    0.000000 2.320388 2.213592 3.601942 2.038835 
 Mfc1    2.320388 0.000000 0.524272 4.407767 1.213592 
 Mfc2    2.213592 0.524272 0.000000 4.271845 1.097087 
 Compar  3.601942 4.407767 4.271845 0.000000 4.233010 
 Ppmz    2.038835 1.213592 1.097087 4.233010 0.000000 


new_compatibilityTable_LtoL
          7Zip     Mfc1     Mfc2     Compar   Ppmz    
 7Zip    0.000000 0.145024 0.138350 0.225121 0.127427 
 Mfc1    0.145024 0.000000 0.032767 0.275485 0.075850 
 Mfc2    0.138350 0.032767 0.000000 0.266990 0.068568 
 Compar  0.225121 0.275485 0.266990 0.000000 0.264563 
 Ppmz    0.127427 0.075850 0.068568 0.264563 0.000000 


