compatibilityTable_LtoL
          7Zip     Mfc1     Mfc2     Compar   Ppmz    
 7Zip    0.000000 2.320442 2.176795 3.552486 2.000000 
 Mfc1    2.320442 0.000000 0.552486 4.425415 1.215470 
 Mfc2    2.176795 0.552486 0.000000 4.259668 1.093923 
 Compar  3.552486 4.425415 4.259668 0.000000 4.226519 
 Ppmz    2.000000 1.215470 1.093923 4.226519 0.000000 


new_compatibilityTable_LtoL
          7Zip     Mfc1     Mfc2     Compar   Ppmz    
 7Zip    0.000000 0.145028 0.136050 0.222030 0.125000 
 Mfc1    0.145028 0.000000 0.034530 0.276588 0.075967 
 Mfc2    0.136050 0.034530 0.000000 0.266229 0.068370 
 Compar  0.222030 0.276588 0.266229 0.000000 0.264157 
 Ppmz    0.125000 0.075967 0.068370 0.264157 0.000000 


