compatibilityTable_LtoL
          7Zip     Mfc1     Mfc2     Compar   Ppmz    
 7Zip    0.000000 2.472973 2.351351 3.662162 2.189189 
 Mfc1    2.472973 0.000000 0.554054 4.500000 1.270270 
 Mfc2    2.351351 0.554054 0.000000 4.391892 1.202703 
 Compar  3.662162 4.500000 4.391892 0.000000 4.378378 
 Ppmz    2.189189 1.270270 1.202703 4.378378 0.000000 


new_compatibilityTable_LtoL
          7Zip     Mfc1     Mfc2     Compar   Ppmz    
 7Zip    0.000000 0.154561 0.146959 0.228885 0.136824 
 Mfc1    0.154561 0.000000 0.034628 0.281250 0.079392 
 Mfc2    0.146959 0.034628 0.000000 0.274493 0.075169 
 Compar  0.228885 0.281250 0.274493 0.000000 0.273649 
 Ppmz    0.136824 0.079392 0.075169 0.273649 0.000000 


