compatibilityTable_LtoL
          7Zip     Mfc1     Mfc2     Compar   Ppmz    
 7Zip    0.000000 2.516364 2.450909 4.076364 2.334545 
 Mfc1    2.516364 0.000000 0.581818 4.709091 1.301818 
 Mfc2    2.450909 0.581818 0.000000 4.585454 1.221818 
 Compar  4.076364 4.709091 4.585454 0.000000 4.600000 
 Ppmz    2.334545 1.301818 1.221818 4.600000 0.000000 


new_compatibilityTable_LtoL
          7Zip     Mfc1     Mfc2     Compar   Ppmz    
 7Zip    0.000000 0.157273 0.153182 0.254773 0.145909 
 Mfc1    0.157273 0.000000 0.036364 0.294318 0.081364 
 Mfc2    0.153182 0.036364 0.000000 0.286591 0.076364 
 Compar  0.254773 0.294318 0.286591 0.000000 0.287500 
 Ppmz    0.145909 0.081364 0.076364 0.287500 0.000000 


