compatibilityTable_LtoL
          7Zip     Mfc1     Mfc2     Compar   Ppmz    
 7Zip    0.000000 2.407186 2.275449 3.622755 2.131737 
 Mfc1    2.407186 0.000000 0.550898 4.497006 1.233533 
 Mfc2    2.275449 0.550898 0.000000 4.353293 1.125749 
 Compar  3.622755 4.497006 4.353293 0.000000 4.341317 
 Ppmz    2.131737 1.233533 1.125749 4.341317 0.000000 


new_compatibilityTable_LtoL
          7Zip     Mfc1     Mfc2     Compar   Ppmz    
 7Zip    0.000000 0.150449 0.142216 0.226422 0.133234 
 Mfc1    0.150449 0.000000 0.034431 0.281063 0.077096 
 Mfc2    0.142216 0.034431 0.000000 0.272081 0.070359 
 Compar  0.226422 0.281063 0.272081 0.000000 0.271332 
 Ppmz    0.133234 0.077096 0.070359 0.271332 0.000000 


