compatibilityTable_LtoL
          7Zip     Mfc1     Mfc2     Compar   Ppmz    
 7Zip    0.000000 2.333333 2.225490 3.617647 2.049020 
 Mfc1    2.333333 0.000000 0.529412 4.421568 1.225490 
 Mfc2    2.225490 0.529412 0.000000 4.284314 1.107843 
 Compar  3.617647 4.421568 4.284314 0.000000 4.245098 
 Ppmz    2.049020 1.225490 1.107843 4.245098 0.000000 


new_compatibilityTable_LtoL
          7Zip     Mfc1     Mfc2     Compar   Ppmz    
 7Zip    0.000000 0.145833 0.139093 0.226103 0.128064 
 Mfc1    0.145833 0.000000 0.033088 0.276348 0.076593 
 Mfc2    0.139093 0.033088 0.000000 0.267770 0.069240 
 Compar  0.226103 0.276348 0.267770 0.000000 0.265319 
 Ppmz    0.128064 0.076593 0.069240 0.265319 0.000000 


