compatibilityTable_LtoL
          7Zip     Mfc1     Mfc2     Compar   Ppmz    
 7Zip    0.000000 2.000000 1.829787 2.872340 1.744681 
 Mfc1    2.000000 0.000000 0.723404 3.255319 1.191489 
 Mfc2    1.829787 0.723404 0.000000 3.085106 1.148936 
 Compar  2.872340 3.255319 3.085106 0.000000 3.127660 
 Ppmz    1.744681 1.191489 1.148936 3.127660 0.000000 


new_compatibilityTable_LtoL
          7Zip     Mfc1     Mfc2     Compar   Ppmz    
 7Zip    0.000000 0.125000 0.114362 0.179521 0.109043 
 Mfc1    0.125000 0.000000 0.045213 0.203457 0.074468 
 Mfc2    0.114362 0.045213 0.000000 0.192819 0.071809 
 Compar  0.179521 0.203457 0.192819 0.000000 0.195479 
 Ppmz    0.109043 0.074468 0.071809 0.195479 0.000000 


