compatibilityTable_LtoL
          7Zip     Mfc1     Mfc2     Compar   Ppmz    
 7Zip    0.000000 2.539326 2.464419 4.071161 2.344569 
 Mfc1    2.539326 0.000000 0.569288 4.737828 1.310861 
 Mfc2    2.464419 0.569288 0.000000 4.610487 1.228464 
 Compar  4.071161 4.737828 4.610487 0.000000 4.632959 
 Ppmz    2.344569 1.310861 1.228464 4.632959 0.000000 


new_compatibilityTable_LtoL
          7Zip     Mfc1     Mfc2     Compar   Ppmz    
 7Zip    0.000000 0.158708 0.154026 0.254448 0.146536 
 Mfc1    0.158708 0.000000 0.035581 0.296114 0.081929 
 Mfc2    0.154026 0.035581 0.000000 0.288155 0.076779 
 Compar  0.254448 0.296114 0.288155 0.000000 0.289560 
 Ppmz    0.146536 0.081929 0.076779 0.289560 0.000000 


