compatibilityTable_LtoL
          7Zip     Mfc1     Mfc2     Compar   Ppmz    
 7Zip    0.000000 2.570342 2.494297 4.049430 2.349810 
 Mfc1    2.570342 0.000000 0.577947 4.726236 1.300380 
 Mfc2    2.494297 0.577947 0.000000 4.596958 1.216730 
 Compar  4.049430 4.726236 4.596958 0.000000 4.619772 
 Ppmz    2.349810 1.300380 1.216730 4.619772 0.000000 


new_compatibilityTable_LtoL
          7Zip     Mfc1     Mfc2     Compar   Ppmz    
 7Zip    0.000000 0.160646 0.155894 0.253089 0.146863 
 Mfc1    0.160646 0.000000 0.036122 0.295390 0.081274 
 Mfc2    0.155894 0.036122 0.000000 0.287310 0.076046 
 Compar  0.253089 0.295390 0.287310 0.000000 0.288736 
 Ppmz    0.146863 0.081274 0.076046 0.288736 0.000000 


