compatibilityTable_LtoL
          7Zip     Mfc1     Mfc2     Compar   Ppmz    
 7Zip    0.000000 2.558491 2.483019 4.064151 2.362264 
 Mfc1    2.558491 0.000000 0.573585 4.735849 1.320755 
 Mfc2    2.483019 0.573585 0.000000 4.607547 1.237736 
 Compar  4.064151 4.735849 4.607547 0.000000 4.630188 
 Ppmz    2.362264 1.320755 1.237736 4.630188 0.000000 


new_compatibilityTable_LtoL
          7Zip     Mfc1     Mfc2     Compar   Ppmz    
 7Zip    0.000000 0.159906 0.155189 0.254009 0.147642 
 Mfc1    0.159906 0.000000 0.035849 0.295991 0.082547 
 Mfc2    0.155189 0.035849 0.000000 0.287972 0.077358 
 Compar  0.254009 0.295991 0.287972 0.000000 0.289387 
 Ppmz    0.147642 0.082547 0.077358 0.289387 0.000000 


