compatibilityTable_LtoL
          7Zip     Mfc1     Mfc2     Compar   Ppmz    
 7Zip    0.000000 2.090909 1.954545 2.954545 1.818182 
 Mfc1    2.090909 0.000000 0.727273 3.318182 1.272727 
 Mfc2    1.954545 0.727273 0.000000 3.181818 1.181818 
 Compar  2.954545 3.318182 3.181818 0.000000 3.181818 
 Ppmz    1.818182 1.272727 1.181818 3.181818 0.000000 


new_compatibilityTable_LtoL
          7Zip     Mfc1     Mfc2     Compar   Ppmz    
 7Zip    0.000000 0.130682 0.122159 0.184659 0.113636 
 Mfc1    0.130682 0.000000 0.045455 0.207386 0.079545 
 Mfc2    0.122159 0.045455 0.000000 0.198864 0.073864 
 Compar  0.184659 0.207386 0.198864 0.000000 0.198864 
 Ppmz    0.113636 0.079545 0.073864 0.198864 0.000000 


