compatibilityTable_LtoL
          7Zip     Mfc1     Mfc2     Compar   Ppmz    
 7Zip    0.000000 2.285714 2.184332 3.626728 2.036866 
 Mfc1    2.285714 0.000000 0.497696 4.437788 1.188940 
 Mfc2    2.184332 0.497696 0.000000 4.308756 1.078341 
 Compar  3.626728 4.437788 4.308756 0.000000 4.253456 
 Ppmz    2.036866 1.188940 1.078341 4.253456 0.000000 


new_compatibilityTable_LtoL
          7Zip     Mfc1     Mfc2     Compar   Ppmz    
 7Zip    0.000000 0.142857 0.136521 0.226671 0.127304 
 Mfc1    0.142857 0.000000 0.031106 0.277362 0.074309 
 Mfc2    0.136521 0.031106 0.000000 0.269297 0.067396 
 Compar  0.226671 0.277362 0.269297 0.000000 0.265841 
 Ppmz    0.127304 0.074309 0.067396 0.265841 0.000000 


