compatibilityTable_LtoL
          7Zip     Mfc1     Mfc2     Compar   Ppmz    
 7Zip    0.000000 2.387960 2.321070 3.956522 2.220736 
 Mfc1    2.387960 0.000000 0.541806 4.538462 1.250836 
 Mfc2    2.321070 0.541806 0.000000 4.418060 1.183946 
 Compar  3.956522 4.538462 4.418060 0.000000 4.438127 
 Ppmz    2.220736 1.250836 1.183946 4.438127 0.000000 


new_compatibilityTable_LtoL
          7Zip     Mfc1     Mfc2     Compar   Ppmz    
 7Zip    0.000000 0.149247 0.145067 0.247283 0.138796 
 Mfc1    0.149247 0.000000 0.033863 0.283654 0.078177 
 Mfc2    0.145067 0.033863 0.000000 0.276129 0.073997 
 Compar  0.247283 0.283654 0.276129 0.000000 0.277383 
 Ppmz    0.138796 0.078177 0.073997 0.277383 0.000000 


