compatibilityTable_LtoL
          7Zip     Mfc1     Mfc2     Compar   Ppmz    
 7Zip    0.000000 2.390532 2.248521 3.603550 2.106509 
 Mfc1    2.390532 0.000000 0.556213 4.479290 1.230769 
 Mfc2    2.248521 0.556213 0.000000 4.325444 1.112426 
 Compar  3.603550 4.479290 4.325444 0.000000 4.313610 
 Ppmz    2.106509 1.230769 1.112426 4.313610 0.000000 


new_compatibilityTable_LtoL
          7Zip     Mfc1     Mfc2     Compar   Ppmz    
 7Zip    0.000000 0.149408 0.140533 0.225222 0.131657 
 Mfc1    0.149408 0.000000 0.034763 0.279956 0.076923 
 Mfc2    0.140533 0.034763 0.000000 0.270340 0.069527 
 Compar  0.225222 0.279956 0.270340 0.000000 0.269601 
 Ppmz    0.131657 0.076923 0.069527 0.269601 0.000000 


