compatibilityTable_LtoL
          7Zip     Mfc1     Mfc2     Compar   Ppmz    
 7Zip    0.000000 2.769231 2.769231 2.692308 1.846154 
 Mfc1    2.769231 0.000000 0.923077 3.923077 1.538462 
 Mfc2    2.769231 0.923077 0.000000 3.923077 1.076923 
 Compar  2.692308 3.923077 3.923077 0.000000 3.461539 
 Ppmz    1.846154 1.538462 1.076923 3.461539 0.000000 


new_compatibilityTable_LtoL
          7Zip     Mfc1     Mfc2     Compar   Ppmz    
 7Zip    0.000000 0.173077 0.173077 0.168269 0.115385 
 Mfc1    0.173077 0.000000 0.057692 0.245192 0.096154 
 Mfc2    0.173077 0.057692 0.000000 0.245192 0.067308 
 Compar  0.168269 0.245192 0.245192 0.000000 0.216346 
 Ppmz    0.115385 0.096154 0.067308 0.216346 0.000000 


