compatibilityTable_LtoL
          7Zip     Mfc1     Mfc2     Compar   Ppmz    
 7Zip    0.000000 2.570281 2.481928 4.044177 2.313253 
 Mfc1    2.570281 0.000000 0.602410 4.783133 1.317269 
 Mfc2    2.481928 0.602410 0.000000 4.638554 1.220883 
 Compar  4.044177 4.783133 4.638554 0.000000 4.670683 
 Ppmz    2.313253 1.317269 1.220883 4.670683 0.000000 


new_compatibilityTable_LtoL
          7Zip     Mfc1     Mfc2     Compar   Ppmz    
 7Zip    0.000000 0.160643 0.155120 0.252761 0.144578 
 Mfc1    0.160643 0.000000 0.037651 0.298946 0.082329 
 Mfc2    0.155120 0.037651 0.000000 0.289910 0.076305 
 Compar  0.252761 0.298946 0.289910 0.000000 0.291918 
 Ppmz    0.144578 0.082329 0.076305 0.291918 0.000000 


