compatibilityTable_LtoL
          7Zip     Mfc1     Mfc2     Compar   Ppmz    
 7Zip    0.000000 2.545455 2.545455 2.818182 1.636364 
 Mfc1    2.545455 0.000000 0.545455 3.727273 1.090909 
 Mfc2    2.545455 0.545455 0.000000 3.727273 0.909091 
 Compar  2.818182 3.727273 3.727273 0.000000 3.181818 
 Ppmz    1.636364 1.090909 0.909091 3.181818 0.000000 


new_compatibilityTable_LtoL
          7Zip     Mfc1     Mfc2     Compar   Ppmz    
 7Zip    0.000000 0.159091 0.159091 0.176136 0.102273 
 Mfc1    0.159091 0.000000 0.034091 0.232955 0.068182 
 Mfc2    0.159091 0.034091 0.000000 0.232955 0.056818 
 Compar  0.176136 0.232955 0.232955 0.000000 0.198864 
 Ppmz    0.102273 0.068182 0.056818 0.198864 0.000000 


