compatibilityTable_LtoL
          7Zip     Mfc1     Mfc2     Compar   Ppmz    
 7Zip    0.000000 2.320988 2.246914 3.197531 2.148148 
 Mfc1    2.320988 0.000000 0.716049 3.740741 1.358025 
 Mfc2    2.246914 0.716049 0.000000 3.691358 1.432099 
 Compar  3.197531 3.740741 3.691358 0.000000 3.790123 
 Ppmz    2.148148 1.358025 1.432099 3.790123 0.000000 


new_compatibilityTable_LtoL
          7Zip     Mfc1     Mfc2     Compar   Ppmz    
 7Zip    0.000000 0.145062 0.140432 0.199846 0.134259 
 Mfc1    0.145062 0.000000 0.044753 0.233796 0.084877 
 Mfc2    0.140432 0.044753 0.000000 0.230710 0.089506 
 Compar  0.199846 0.233796 0.230710 0.000000 0.236883 
 Ppmz    0.134259 0.084877 0.089506 0.236883 0.000000 


