compatibilityTable_LtoL
          7Zip     Mfc1     Mfc2     Compar   Ppmz    
 7Zip    0.000000 4.666667 4.666667 3.000000 3.333333 
 Mfc1    4.666667 0.000000 0.666667 5.000000 2.000000 
 Mfc2    4.666667 0.666667 0.000000 5.000000 1.333333 
 Compar  3.000000 5.000000 5.000000 0.000000 3.666667 
 Ppmz    3.333333 2.000000 1.333333 3.666667 0.000000 


new_compatibilityTable_LtoL
          7Zip     Mfc1     Mfc2     Compar   Ppmz    
 7Zip    0.000000 0.291667 0.291667 0.187500 0.208333 
 Mfc1    0.291667 0.000000 0.041667 0.312500 0.125000 
 Mfc2    0.291667 0.041667 0.000000 0.312500 0.083333 
 Compar  0.187500 0.312500 0.312500 0.000000 0.229167 
 Ppmz    0.208333 0.125000 0.083333 0.229167 0.000000 


