compatibilityTable_LtoL
          7Zip     Mfc1     Mfc2     Compar   Ppmz    
 7Zip    0.000000 2.533333 2.466667 4.081481 2.348148 
 Mfc1    2.533333 0.000000 0.570370 4.718519 1.303704 
 Mfc2    2.466667 0.570370 0.000000 4.585185 1.214815 
 Compar  4.081481 4.718519 4.585185 0.000000 4.607408 
 Ppmz    2.348148 1.303704 1.214815 4.607408 0.000000 


new_compatibilityTable_LtoL
          7Zip     Mfc1     Mfc2     Compar   Ppmz    
 7Zip    0.000000 0.158333 0.154167 0.255093 0.146759 
 Mfc1    0.158333 0.000000 0.035648 0.294907 0.081481 
 Mfc2    0.154167 0.035648 0.000000 0.286574 0.075926 
 Compar  0.255093 0.294907 0.286574 0.000000 0.287963 
 Ppmz    0.146759 0.081481 0.075926 0.287963 0.000000 


