compatibilityTable_LtoL
          7Zip     Mfc1     Mfc2     Compar   Ppmz    
 7Zip    0.000000 2.560606 2.484848 4.045455 2.348485 
 Mfc1    2.560606 0.000000 0.575758 4.719697 1.303030 
 Mfc2    2.484848 0.575758 0.000000 4.590909 1.219697 
 Compar  4.045455 4.719697 4.590909 0.000000 4.606061 
 Ppmz    2.348485 1.303030 1.219697 4.606061 0.000000 


new_compatibilityTable_LtoL
          7Zip     Mfc1     Mfc2     Compar   Ppmz    
 7Zip    0.000000 0.160038 0.155303 0.252841 0.146780 
 Mfc1    0.160038 0.000000 0.035985 0.294981 0.081439 
 Mfc2    0.155303 0.035985 0.000000 0.286932 0.076231 
 Compar  0.252841 0.294981 0.286932 0.000000 0.287879 
 Ppmz    0.146780 0.081439 0.076231 0.287879 0.000000 


