compatibilityTable_LtoL
          7Zip     Mfc1     Mfc2     Compar   Ppmz    
 7Zip    0.000000 2.271493 2.171946 3.669683 2.027149 
 Mfc1    2.271493 0.000000 0.488688 4.438914 1.167421 
 Mfc2    2.171946 0.488688 0.000000 4.312217 1.058824 
 Compar  3.669683 4.438914 4.312217 0.000000 4.257918 
 Ppmz    2.027149 1.167421 1.058824 4.257918 0.000000 


new_compatibilityTable_LtoL
          7Zip     Mfc1     Mfc2     Compar   Ppmz    
 7Zip    0.000000 0.141968 0.135747 0.229355 0.126697 
 Mfc1    0.141968 0.000000 0.030543 0.277432 0.072964 
 Mfc2    0.135747 0.030543 0.000000 0.269514 0.066176 
 Compar  0.229355 0.277432 0.269514 0.000000 0.266120 
 Ppmz    0.126697 0.072964 0.066176 0.266120 0.000000 


