compatibilityTable_LtoL
          7Zip     Mfc1     Mfc2     Compar   Ppmz    
 7Zip    0.000000 2.427481 2.305344 3.351145 2.198473 
 Mfc1    2.427481 0.000000 0.580153 4.221374 1.343511 
 Mfc2    2.305344 0.580153 0.000000 4.114504 1.251908 
 Compar  3.351145 4.221374 4.114504 0.000000 4.114504 
 Ppmz    2.198473 1.343511 1.251908 4.114504 0.000000 


new_compatibilityTable_LtoL
          7Zip     Mfc1     Mfc2     Compar   Ppmz    
 7Zip    0.000000 0.151718 0.144084 0.209447 0.137405 
 Mfc1    0.151718 0.000000 0.036260 0.263836 0.083969 
 Mfc2    0.144084 0.036260 0.000000 0.257156 0.078244 
 Compar  0.209447 0.263836 0.257156 0.000000 0.257156 
 Ppmz    0.137405 0.083969 0.078244 0.257156 0.000000 


