compatibilityTable_LtoL
          7Zip     Mfc1     Mfc2     Compar   Ppmz    
 7Zip    0.000000 2.232558 2.139535 3.255814 2.069767 
 Mfc1    2.232558 0.000000 0.697674 3.813953 1.372093 
 Mfc2    2.139535 0.697674 0.000000 3.744186 1.418605 
 Compar  3.255814 3.813953 3.744186 0.000000 3.837209 
 Ppmz    2.069767 1.372093 1.418605 3.837209 0.000000 


new_compatibilityTable_LtoL
          7Zip     Mfc1     Mfc2     Compar   Ppmz    
 7Zip    0.000000 0.139535 0.133721 0.203488 0.129360 
 Mfc1    0.139535 0.000000 0.043605 0.238372 0.085756 
 Mfc2    0.133721 0.043605 0.000000 0.234012 0.088663 
 Compar  0.203488 0.238372 0.234012 0.000000 0.239826 
 Ppmz    0.129360 0.085756 0.088663 0.239826 0.000000 


