compatibilityTable_LtoL
          7Zip     Mfc1     Mfc2     Compar   Ppmz    
 7Zip    0.000000 2.529412 2.463235 4.095588 2.352941 
 Mfc1    2.529412 0.000000 0.588235 4.720588 1.308824 
 Mfc2    2.463235 0.588235 0.000000 4.595588 1.227941 
 Compar  4.095588 4.720588 4.595588 0.000000 4.617647 
 Ppmz    2.352941 1.308824 1.227941 4.617647 0.000000 


new_compatibilityTable_LtoL
          7Zip     Mfc1     Mfc2     Compar   Ppmz    
 7Zip    0.000000 0.158088 0.153952 0.255974 0.147059 
 Mfc1    0.158088 0.000000 0.036765 0.295037 0.081801 
 Mfc2    0.153952 0.036765 0.000000 0.287224 0.076746 
 Compar  0.255974 0.295037 0.287224 0.000000 0.288603 
 Ppmz    0.147059 0.081801 0.076746 0.288603 0.000000 


