compatibilityTable_LtoL
          7Zip     Mfc1     Mfc2     Compar   Ppmz    
 7Zip    0.000000 2.181818 2.060606 2.757576 1.878788 
 Mfc1    2.181818 0.000000 0.727273 3.363636 1.393939 
 Mfc2    2.060606 0.727273 0.000000 3.181818 1.393939 
 Compar  2.757576 3.363636 3.181818 0.000000 3.242424 
 Ppmz    1.878788 1.393939 1.393939 3.242424 0.000000 


new_compatibilityTable_LtoL
          7Zip     Mfc1     Mfc2     Compar   Ppmz    
 7Zip    0.000000 0.136364 0.128788 0.172348 0.117424 
 Mfc1    0.136364 0.000000 0.045455 0.210227 0.087121 
 Mfc2    0.128788 0.045455 0.000000 0.198864 0.087121 
 Compar  0.172348 0.210227 0.198864 0.000000 0.202652 
 Ppmz    0.117424 0.087121 0.087121 0.202652 0.000000 


