compatibilityTable_LtoL
          7Zip     Mfc1     Mfc2     Compar   Ppmz    
 7Zip    0.000000 2.330000 2.210000 3.590000 2.030000 
 Mfc1    2.330000 0.000000 0.520000 4.370000 1.230000 
 Mfc2    2.210000 0.520000 0.000000 4.230000 1.130000 
 Compar  3.590000 4.370000 4.230000 0.000000 4.190000 
 Ppmz    2.030000 1.230000 1.130000 4.190000 0.000000 


new_compatibilityTable_LtoL
          7Zip     Mfc1     Mfc2     Compar   Ppmz    
 7Zip    0.000000 0.145625 0.138125 0.224375 0.126875 
 Mfc1    0.145625 0.000000 0.032500 0.273125 0.076875 
 Mfc2    0.138125 0.032500 0.000000 0.264375 0.070625 
 Compar  0.224375 0.273125 0.264375 0.000000 0.261875 
 Ppmz    0.126875 0.076875 0.070625 0.261875 0.000000 


