compatibilityTable_LtoL
          7Zip     Mfc1     Mfc2     Compar   Ppmz    
 7Zip    0.000000 2.603922 2.517647 4.074510 2.376471 
 Mfc1    2.603922 0.000000 0.588235 4.780392 1.333333 
 Mfc2    2.517647 0.588235 0.000000 4.639215 1.239216 
 Compar  4.074510 4.780392 4.639215 0.000000 4.662745 
 Ppmz    2.376471 1.333333 1.239216 4.662745 0.000000 


new_compatibilityTable_LtoL
          7Zip     Mfc1     Mfc2     Compar   Ppmz    
 7Zip    0.000000 0.162745 0.157353 0.254657 0.148529 
 Mfc1    0.162745 0.000000 0.036765 0.298775 0.083333 
 Mfc2    0.157353 0.036765 0.000000 0.289951 0.077451 
 Compar  0.254657 0.298775 0.289951 0.000000 0.291422 
 Ppmz    0.148529 0.083333 0.077451 0.291422 0.000000 


