compatibilityTable_LtoL
          7Zip     Mfc1     Mfc2     Compar   Ppmz    
 7Zip    0.000000 2.451613 2.335484 3.619355 2.193548 
 Mfc1    2.451613 0.000000 0.529032 4.470968 1.225806 
 Mfc2    2.335484 0.529032 0.000000 4.367742 1.161290 
 Compar  3.619355 4.470968 4.367742 0.000000 4.367742 
 Ppmz    2.193548 1.225806 1.161290 4.367742 0.000000 


new_compatibilityTable_LtoL
          7Zip     Mfc1     Mfc2     Compar   Ppmz    
 7Zip    0.000000 0.153226 0.145968 0.226210 0.137097 
 Mfc1    0.153226 0.000000 0.033065 0.279435 0.076613 
 Mfc2    0.145968 0.033065 0.000000 0.272984 0.072581 
 Compar  0.226210 0.279435 0.272984 0.000000 0.272984 
 Ppmz    0.137097 0.076613 0.072581 0.272984 0.000000 


