compatibilityTable_LtoL
          7Zip     Mfc1     Mfc2     Compar   Ppmz    
 7Zip    0.000000 2.445860 2.331210 3.598726 2.191083 
 Mfc1    2.445860 0.000000 0.560510 4.464968 1.248408 
 Mfc2    2.331210 0.560510 0.000000 4.337580 1.159236 
 Compar  3.598726 4.464968 4.337580 0.000000 4.350318 
 Ppmz    2.191083 1.248408 1.159236 4.350318 0.000000 


new_compatibilityTable_LtoL
          7Zip     Mfc1     Mfc2     Compar   Ppmz    
 7Zip    0.000000 0.152866 0.145701 0.224920 0.136943 
 Mfc1    0.152866 0.000000 0.035032 0.279061 0.078025 
 Mfc2    0.145701 0.035032 0.000000 0.271099 0.072452 
 Compar  0.224920 0.279061 0.271099 0.000000 0.271895 
 Ppmz    0.136943 0.078025 0.072452 0.271895 0.000000 


