compatibilityTable_LtoL
          7Zip     Mfc1     Mfc2     Compar   Ppmz    
 7Zip    0.000000 2.147368 2.063158 3.231579 2.042105 
 Mfc1    2.147368 0.000000 0.631579 3.757895 1.305263 
 Mfc2    2.063158 0.631579 0.000000 3.694737 1.347368 
 Compar  3.231579 3.757895 3.694737 0.000000 3.842105 
 Ppmz    2.042105 1.305263 1.347368 3.842105 0.000000 


new_compatibilityTable_LtoL
          7Zip     Mfc1     Mfc2     Compar   Ppmz    
 7Zip    0.000000 0.134211 0.128947 0.201974 0.127632 
 Mfc1    0.134211 0.000000 0.039474 0.234868 0.081579 
 Mfc2    0.128947 0.039474 0.000000 0.230921 0.084211 
 Compar  0.201974 0.234868 0.230921 0.000000 0.240132 
 Ppmz    0.127632 0.081579 0.084211 0.240132 0.000000 


