compatibilityTable_LtoL
          7Zip     Mfc1     Mfc2     Compar   Ppmz    
 7Zip    0.000000 2.474074 2.370370 3.488889 2.192593 
 Mfc1    2.474074 0.000000 0.577778 4.318519 1.362963 
 Mfc2    2.370370 0.577778 0.000000 4.200000 1.288889 
 Compar  3.488889 4.318519 4.200000 0.000000 4.214815 
 Ppmz    2.192593 1.362963 1.288889 4.214815 0.000000 


new_compatibilityTable_LtoL
          7Zip     Mfc1     Mfc2     Compar   Ppmz    
 7Zip    0.000000 0.154630 0.148148 0.218056 0.137037 
 Mfc1    0.154630 0.000000 0.036111 0.269907 0.085185 
 Mfc2    0.148148 0.036111 0.000000 0.262500 0.080556 
 Compar  0.218056 0.269907 0.262500 0.000000 0.263426 
 Ppmz    0.137037 0.085185 0.080556 0.263426 0.000000 


