compatibilityTable_LtoL
          7Zip     Mfc1     Mfc2     Compar   Ppmz    
 7Zip    0.000000 2.594594 2.450450 3.270270 2.342342 
 Mfc1    2.594594 0.000000 0.648649 4.225225 1.405405 
 Mfc2    2.450450 0.648649 0.000000 4.099099 1.333333 
 Compar  3.270270 4.225225 4.099099 0.000000 4.153153 
 Ppmz    2.342342 1.405405 1.333333 4.153153 0.000000 


new_compatibilityTable_LtoL
          7Zip     Mfc1     Mfc2     Compar   Ppmz    
 7Zip    0.000000 0.162162 0.153153 0.204392 0.146396 
 Mfc1    0.162162 0.000000 0.040541 0.264077 0.087838 
 Mfc2    0.153153 0.040541 0.000000 0.256194 0.083333 
 Compar  0.204392 0.264077 0.256194 0.000000 0.259572 
 Ppmz    0.146396 0.087838 0.083333 0.259572 0.000000 


