compatibilityTable_LtoL
          7Zip     Mfc1     Mfc2     Compar   Ppmz    
 7Zip    0.000000 2.457747 2.394366 4.021127 2.288732 
 Mfc1    2.457747 0.000000 0.563380 4.626760 1.281690 
 Mfc2    2.394366 0.563380 0.000000 4.507042 1.204225 
 Compar  4.021127 4.626760 4.507042 0.000000 4.542253 
 Ppmz    2.288732 1.281690 1.204225 4.542253 0.000000 


new_compatibilityTable_LtoL
          7Zip     Mfc1     Mfc2     Compar   Ppmz    
 7Zip    0.000000 0.153609 0.149648 0.251320 0.143046 
 Mfc1    0.153609 0.000000 0.035211 0.289173 0.080106 
 Mfc2    0.149648 0.035211 0.000000 0.281690 0.075264 
 Compar  0.251320 0.289173 0.281690 0.000000 0.283891 
 Ppmz    0.143046 0.080106 0.075264 0.283891 0.000000 


