compatibilityTable_LtoL
          7Zip     Mfc1     Mfc2     Compar   Ppmz    
 7Zip    0.000000 2.323144 2.227074 3.707424 2.052402 
 Mfc1    2.323144 0.000000 0.506550 4.484716 1.213974 
 Mfc2    2.227074 0.506550 0.000000 4.362445 1.109170 
 Compar  3.707424 4.484716 4.362445 0.000000 4.310044 
 Ppmz    2.052402 1.213974 1.109170 4.310044 0.000000 


new_compatibilityTable_LtoL
          7Zip     Mfc1     Mfc2     Compar   Ppmz    
 7Zip    0.000000 0.145197 0.139192 0.231714 0.128275 
 Mfc1    0.145197 0.000000 0.031659 0.280295 0.075873 
 Mfc2    0.139192 0.031659 0.000000 0.272653 0.069323 
 Compar  0.231714 0.280295 0.272653 0.000000 0.269378 
 Ppmz    0.128275 0.075873 0.069323 0.269378 0.000000 


