compatibilityTable_LtoL
          7Zip     Mfc1     Mfc2     Compar   Ppmz    
 7Zip    0.000000 2.544776 2.470149 4.074627 2.350746 
 Mfc1    2.544776 0.000000 0.567164 4.723881 1.305970 
 Mfc2    2.470149 0.567164 0.000000 4.597015 1.223881 
 Compar  4.074627 4.723881 4.597015 0.000000 4.619403 
 Ppmz    2.350746 1.305970 1.223881 4.619403 0.000000 


new_compatibilityTable_LtoL
          7Zip     Mfc1     Mfc2     Compar   Ppmz    
 7Zip    0.000000 0.159049 0.154384 0.254664 0.146922 
 Mfc1    0.159049 0.000000 0.035448 0.295243 0.081623 
 Mfc2    0.154384 0.035448 0.000000 0.287313 0.076493 
 Compar  0.254664 0.295243 0.287313 0.000000 0.288713 
 Ppmz    0.146922 0.081623 0.076493 0.288713 0.000000 


