compatibilityTable_LtoL
          7Zip     Mfc1     Mfc2     Compar   Ppmz    
 7Zip    0.000000 2.278481 2.202532 3.151899 2.151899 
 Mfc1    2.278481 0.000000 0.734177 3.658228 1.316456 
 Mfc2    2.202532 0.734177 0.000000 3.607595 1.392405 
 Compar  3.151899 3.658228 3.607595 0.000000 3.759494 
 Ppmz    2.151899 1.316456 1.392405 3.759494 0.000000 


new_compatibilityTable_LtoL
          7Zip     Mfc1     Mfc2     Compar   Ppmz    
 7Zip    0.000000 0.142405 0.137658 0.196994 0.134494 
 Mfc1    0.142405 0.000000 0.045886 0.228639 0.082278 
 Mfc2    0.137658 0.045886 0.000000 0.225475 0.087025 
 Compar  0.196994 0.228639 0.225475 0.000000 0.234968 
 Ppmz    0.134494 0.082278 0.087025 0.234968 0.000000 


