compatibilityTable_LtoL
          7Zip     Mfc1     Mfc2     Compar   Ppmz    
 7Zip    0.000000 2.569106 2.479675 4.040650 2.317073 
 Mfc1    2.569106 0.000000 0.585366 4.788618 1.300813 
 Mfc2    2.479675 0.585366 0.000000 4.650406 1.203252 
 Compar  4.040650 4.788618 4.650406 0.000000 4.666667 
 Ppmz    2.317073 1.300813 1.203252 4.666667 0.000000 


new_compatibilityTable_LtoL
          7Zip     Mfc1     Mfc2     Compar   Ppmz    
 7Zip    0.000000 0.160569 0.154980 0.252541 0.144817 
 Mfc1    0.160569 0.000000 0.036585 0.299289 0.081301 
 Mfc2    0.154980 0.036585 0.000000 0.290650 0.075203 
 Compar  0.252541 0.299289 0.290650 0.000000 0.291667 
 Ppmz    0.144817 0.081301 0.075203 0.291667 0.000000 


