compatibilityTable_LtoL
          7Zip     Mfc1     Mfc2     Compar   Ppmz    
 7Zip    0.000000 2.538745 2.472325 4.099631 2.361624 
 Mfc1    2.538745 0.000000 0.590406 4.726937 1.313653 
 Mfc2    2.472325 0.590406 0.000000 4.601476 1.232472 
 Compar  4.099631 4.726937 4.601476 0.000000 4.623616 
 Ppmz    2.361624 1.313653 1.232472 4.623616 0.000000 


new_compatibilityTable_LtoL
          7Zip     Mfc1     Mfc2     Compar   Ppmz    
 7Zip    0.000000 0.158672 0.154520 0.256227 0.147601 
 Mfc1    0.158672 0.000000 0.036900 0.295434 0.082103 
 Mfc2    0.154520 0.036900 0.000000 0.287592 0.077030 
 Compar  0.256227 0.295434 0.287592 0.000000 0.288976 
 Ppmz    0.147601 0.082103 0.077030 0.288976 0.000000 


