compatibilityTable_LtoL
          7Zip     Mfc1     Mfc2     Compar   Ppmz    
 7Zip    0.000000 1.935484 1.806452 2.870968 1.709677 
 Mfc1    1.935484 0.000000 0.709677 3.193548 1.161290 
 Mfc2    1.806452 0.709677 0.000000 3.096774 1.161290 
 Compar  2.870968 3.193548 3.096774 0.000000 3.129032 
 Ppmz    1.709677 1.161290 1.161290 3.129032 0.000000 


new_compatibilityTable_LtoL
          7Zip     Mfc1     Mfc2     Compar   Ppmz    
 7Zip    0.000000 0.120968 0.112903 0.179435 0.106855 
 Mfc1    0.120968 0.000000 0.044355 0.199597 0.072581 
 Mfc2    0.112903 0.044355 0.000000 0.193548 0.072581 
 Compar  0.179435 0.199597 0.193548 0.000000 0.195565 
 Ppmz    0.106855 0.072581 0.072581 0.195565 0.000000 


