compatibilityTable_LtoL
          7Zip     Mfc1     Mfc2     Compar   Ppmz    
 7Zip    0.000000 2.300000 2.166667 3.544445 2.000000 
 Mfc1    2.300000 0.000000 0.522222 4.388889 1.200000 
 Mfc2    2.166667 0.522222 0.000000 4.244444 1.088889 
 Compar  3.544445 4.388889 4.244444 0.000000 4.211111 
 Ppmz    2.000000 1.200000 1.088889 4.211111 0.000000 


new_compatibilityTable_LtoL
          7Zip     Mfc1     Mfc2     Compar   Ppmz    
 7Zip    0.000000 0.143750 0.135417 0.221528 0.125000 
 Mfc1    0.143750 0.000000 0.032639 0.274306 0.075000 
 Mfc2    0.135417 0.032639 0.000000 0.265278 0.068056 
 Compar  0.221528 0.274306 0.265278 0.000000 0.263194 
 Ppmz    0.125000 0.075000 0.068056 0.263194 0.000000 


