compatibilityTable_LtoL
          7Zip     Mfc1     Mfc2     Compar   Ppmz    
 7Zip    0.000000 2.761905 2.666667 2.904762 2.476191 
 Mfc1    2.761905 0.000000 1.047619 3.952381 1.809524 
 Mfc2    2.666667 1.047619 0.000000 3.761905 1.904762 
 Compar  2.904762 3.952381 3.761905 0.000000 3.761905 
 Ppmz    2.476191 1.809524 1.904762 3.761905 0.000000 


new_compatibilityTable_LtoL
          7Zip     Mfc1     Mfc2     Compar   Ppmz    
 7Zip    0.000000 0.172619 0.166667 0.181548 0.154762 
 Mfc1    0.172619 0.000000 0.065476 0.247024 0.113095 
 Mfc2    0.166667 0.065476 0.000000 0.235119 0.119048 
 Compar  0.181548 0.247024 0.235119 0.000000 0.235119 
 Ppmz    0.154762 0.113095 0.119048 0.235119 0.000000 


