compatibilityTable_LtoL
          7Zip     Mfc1     Mfc2     Compar   Ppmz    
 7Zip    0.000000 2.563492 2.476191 4.031746 2.309524 
 Mfc1    2.563492 0.000000 0.595238 4.746032 1.301587 
 Mfc2    2.476191 0.595238 0.000000 4.603175 1.206349 
 Compar  4.031746 4.746032 4.603175 0.000000 4.634921 
 Ppmz    2.309524 1.301587 1.206349 4.634921 0.000000 


new_compatibilityTable_LtoL
          7Zip     Mfc1     Mfc2     Compar   Ppmz    
 7Zip    0.000000 0.160218 0.154762 0.251984 0.144345 
 Mfc1    0.160218 0.000000 0.037202 0.296627 0.081349 
 Mfc2    0.154762 0.037202 0.000000 0.287698 0.075397 
 Compar  0.251984 0.296627 0.287698 0.000000 0.289683 
 Ppmz    0.144345 0.081349 0.075397 0.289683 0.000000 


