compatibilityTable_LtoL
          7Zip     Mfc1     Mfc2     Compar   Ppmz    
 7Zip    0.000000 2.321739 2.217391 3.721739 2.069565 
 Mfc1    2.321739 0.000000 0.513043 4.495652 1.243478 
 Mfc2    2.217391 0.513043 0.000000 4.373913 1.130435 
 Compar  3.721739 4.495652 4.373913 0.000000 4.330435 
 Ppmz    2.069565 1.243478 1.130435 4.330435 0.000000 


new_compatibilityTable_LtoL
          7Zip     Mfc1     Mfc2     Compar   Ppmz    
 7Zip    0.000000 0.145109 0.138587 0.232609 0.129348 
 Mfc1    0.145109 0.000000 0.032065 0.280978 0.077717 
 Mfc2    0.138587 0.032065 0.000000 0.273370 0.070652 
 Compar  0.232609 0.280978 0.273370 0.000000 0.270652 
 Ppmz    0.129348 0.077717 0.070652 0.270652 0.000000 


