compatibilityTable_LtoL
          7Zip     Mfc1     Mfc2     Compar   Ppmz    
 7Zip    0.000000 2.309013 2.206009 3.729614 2.077253 
 Mfc1    2.309013 0.000000 0.506438 4.493562 1.244635 
 Mfc2    2.206009 0.506438 0.000000 4.373391 1.133047 
 Compar  3.729614 4.493562 4.373391 0.000000 4.347640 
 Ppmz    2.077253 1.244635 1.133047 4.347640 0.000000 


new_compatibilityTable_LtoL
          7Zip     Mfc1     Mfc2     Compar   Ppmz    
 7Zip    0.000000 0.144313 0.137876 0.233101 0.129828 
 Mfc1    0.144313 0.000000 0.031652 0.280848 0.077790 
 Mfc2    0.137876 0.031652 0.000000 0.273337 0.070815 
 Compar  0.233101 0.280848 0.273337 0.000000 0.271727 
 Ppmz    0.129828 0.077790 0.070815 0.271727 0.000000 


