compatibilityTable_LtoL
          7Zip     Mfc1     Mfc2     Compar   Ppmz    
 7Zip    0.000000 2.144330 2.061856 3.185567 2.000000 
 Mfc1    2.144330 0.000000 0.618557 3.742268 1.319588 
 Mfc2    2.061856 0.618557 0.000000 3.680412 1.360825 
 Compar  3.185567 3.742268 3.680412 0.000000 3.783505 
 Ppmz    2.000000 1.319588 1.360825 3.783505 0.000000 


new_compatibilityTable_LtoL
          7Zip     Mfc1     Mfc2     Compar   Ppmz    
 7Zip    0.000000 0.134021 0.128866 0.199098 0.125000 
 Mfc1    0.134021 0.000000 0.038660 0.233892 0.082474 
 Mfc2    0.128866 0.038660 0.000000 0.230026 0.085052 
 Compar  0.199098 0.233892 0.230026 0.000000 0.236469 
 Ppmz    0.125000 0.082474 0.085052 0.236469 0.000000 


