compatibilityTable_LtoL
          7Zip     Mfc1     Mfc2     Compar   Ppmz    
 7Zip    0.000000 2.584615 2.507692 4.076923 2.361538 
 Mfc1    2.584615 0.000000 0.584615 4.761539 1.307692 
 Mfc2    2.507692 0.584615 0.000000 4.630769 1.223077 
 Compar  4.076923 4.761539 4.630769 0.000000 4.646154 
 Ppmz    2.361538 1.307692 1.223077 4.646154 0.000000 


new_compatibilityTable_LtoL
          7Zip     Mfc1     Mfc2     Compar   Ppmz    
 7Zip    0.000000 0.161538 0.156731 0.254808 0.147596 
 Mfc1    0.161538 0.000000 0.036538 0.297596 0.081731 
 Mfc2    0.156731 0.036538 0.000000 0.289423 0.076442 
 Compar  0.254808 0.297596 0.289423 0.000000 0.290385 
 Ppmz    0.147596 0.081731 0.076442 0.290385 0.000000 


