compatibilityTable_LtoL
          7Zip     Mfc1     Mfc2     Compar   Ppmz    
 7Zip    0.000000 2.000000 1.843750 2.906250 1.781250 
 Mfc1    2.000000 0.000000 0.750000 3.281250 1.125000 
 Mfc2    1.843750 0.750000 0.000000 3.125000 1.187500 
 Compar  2.906250 3.281250 3.125000 0.000000 3.218750 
 Ppmz    1.781250 1.125000 1.187500 3.218750 0.000000 


new_compatibilityTable_LtoL
          7Zip     Mfc1     Mfc2     Compar   Ppmz    
 7Zip    0.000000 0.125000 0.115234 0.181641 0.111328 
 Mfc1    0.125000 0.000000 0.046875 0.205078 0.070312 
 Mfc2    0.115234 0.046875 0.000000 0.195312 0.074219 
 Compar  0.181641 0.205078 0.195312 0.000000 0.201172 
 Ppmz    0.111328 0.070312 0.074219 0.201172 0.000000 


