compatibilityTable_LtoL
          7Zip     Mfc1     Mfc2     Compar   Ppmz    
 7Zip    0.000000 2.443038 2.316456 3.594937 2.177215 
 Mfc1    2.443038 0.000000 0.569620 4.468354 1.253165 
 Mfc2    2.316456 0.569620 0.000000 4.329114 1.151899 
 Compar  3.594937 4.468354 4.329114 0.000000 4.341772 
 Ppmz    2.177215 1.253165 1.151899 4.341772 0.000000 


new_compatibilityTable_LtoL
          7Zip     Mfc1     Mfc2     Compar   Ppmz    
 7Zip    0.000000 0.152690 0.144778 0.224684 0.136076 
 Mfc1    0.152690 0.000000 0.035601 0.279272 0.078323 
 Mfc2    0.144778 0.035601 0.000000 0.270570 0.071994 
 Compar  0.224684 0.279272 0.270570 0.000000 0.271361 
 Ppmz    0.136076 0.078323 0.071994 0.271361 0.000000 


