compatibilityTable_LtoL
          7Zip     Mfc1     Mfc2     Compar   Ppmz    
 7Zip    0.000000 2.695652 2.608696 2.739130 2.434783 
 Mfc1    2.695652 0.000000 0.956522 3.869565 1.652174 
 Mfc2    2.608696 0.956522 0.000000 3.695652 1.739130 
 Compar  2.739130 3.869565 3.695652 0.000000 3.695652 
 Ppmz    2.434783 1.652174 1.739130 3.695652 0.000000 


new_compatibilityTable_LtoL
          7Zip     Mfc1     Mfc2     Compar   Ppmz    
 7Zip    0.000000 0.168478 0.163043 0.171196 0.152174 
 Mfc1    0.168478 0.000000 0.059783 0.241848 0.103261 
 Mfc2    0.163043 0.059783 0.000000 0.230978 0.108696 
 Compar  0.171196 0.241848 0.230978 0.000000 0.230978 
 Ppmz    0.152174 0.103261 0.108696 0.230978 0.000000 


