compatibilityTable_LtoL
          7Zip     Mfc1     Mfc2     Compar   Ppmz    
 7Zip    0.000000 2.408163 2.340136 3.979592 2.244898 
 Mfc1    2.408163 0.000000 0.551020 4.564626 1.251701 
 Mfc2    2.340136 0.551020 0.000000 4.442177 1.183674 
 Compar  3.979592 4.564626 4.442177 0.000000 4.482993 
 Ppmz    2.244898 1.251701 1.183674 4.482993 0.000000 


new_compatibilityTable_LtoL
          7Zip     Mfc1     Mfc2     Compar   Ppmz    
 7Zip    0.000000 0.150510 0.146259 0.248724 0.140306 
 Mfc1    0.150510 0.000000 0.034439 0.285289 0.078231 
 Mfc2    0.146259 0.034439 0.000000 0.277636 0.073980 
 Compar  0.248724 0.285289 0.277636 0.000000 0.280187 
 Ppmz    0.140306 0.078231 0.073980 0.280187 0.000000 


