compatibilityTable_LtoL
          7Zip     Mfc1     Mfc2     Compar   Ppmz    
 7Zip    0.000000 2.720000 2.560000 2.840000 2.240000 
 Mfc1    2.720000 0.000000 0.960000 3.800000 1.760000 
 Mfc2    2.560000 0.960000 0.000000 3.560000 1.760000 
 Compar  2.840000 3.800000 3.560000 0.000000 3.720000 
 Ppmz    2.240000 1.760000 1.760000 3.720000 0.000000 


new_compatibilityTable_LtoL
          7Zip     Mfc1     Mfc2     Compar   Ppmz    
 7Zip    0.000000 0.170000 0.160000 0.177500 0.140000 
 Mfc1    0.170000 0.000000 0.060000 0.237500 0.110000 
 Mfc2    0.160000 0.060000 0.000000 0.222500 0.110000 
 Compar  0.177500 0.237500 0.222500 0.000000 0.232500 
 Ppmz    0.140000 0.110000 0.110000 0.232500 0.000000 


