compatibilityTable_LtoL
          7Zip     Mfc1     Mfc2     Compar   Ppmz    
 7Zip    0.000000 1.789474 1.684211 2.824561 1.614035 
 Mfc1    1.789474 0.000000 0.701754 3.140351 1.122807 
 Mfc2    1.684211 0.701754 0.000000 3.070175 1.157895 
 Compar  2.824561 3.140351 3.070175 0.000000 3.105263 
 Ppmz    1.614035 1.122807 1.157895 3.105263 0.000000 


new_compatibilityTable_LtoL
          7Zip     Mfc1     Mfc2     Compar   Ppmz    
 7Zip    0.000000 0.111842 0.105263 0.176535 0.100877 
 Mfc1    0.111842 0.000000 0.043860 0.196272 0.070175 
 Mfc2    0.105263 0.043860 0.000000 0.191886 0.072368 
 Compar  0.176535 0.196272 0.191886 0.000000 0.194079 
 Ppmz    0.100877 0.070175 0.072368 0.194079 0.000000 


