compatibilityTable_LtoL
          7Zip     Mfc1     Mfc2     Compar   Ppmz    
 7Zip    0.000000 2.316940 2.174863 3.535519 1.978142 
 Mfc1    2.316940 0.000000 0.546448 4.398907 1.224044 
 Mfc2    2.174863 0.546448 0.000000 4.234972 1.103825 
 Compar  3.535519 4.398907 4.234972 0.000000 4.202186 
 Ppmz    1.978142 1.224044 1.103825 4.202186 0.000000 


new_compatibilityTable_LtoL
          7Zip     Mfc1     Mfc2     Compar   Ppmz    
 7Zip    0.000000 0.144809 0.135929 0.220970 0.123634 
 Mfc1    0.144809 0.000000 0.034153 0.274932 0.076503 
 Mfc2    0.135929 0.034153 0.000000 0.264686 0.068989 
 Compar  0.220970 0.274932 0.264686 0.000000 0.262637 
 Ppmz    0.123634 0.076503 0.068989 0.262637 0.000000 


