compatibilityTable_LtoL
          7Zip     Mfc1     Mfc2     Compar   Ppmz    
 7Zip    0.000000 2.380000 2.313333 3.946667 2.213333 
 Mfc1    2.380000 0.000000 0.540000 4.526667 1.246667 
 Mfc2    2.313333 0.540000 0.000000 4.406667 1.180000 
 Compar  3.946667 4.526667 4.406667 0.000000 4.426667 
 Ppmz    2.213333 1.246667 1.180000 4.426667 0.000000 


new_compatibilityTable_LtoL
          7Zip     Mfc1     Mfc2     Compar   Ppmz    
 7Zip    0.000000 0.148750 0.144583 0.246667 0.138333 
 Mfc1    0.148750 0.000000 0.033750 0.282917 0.077917 
 Mfc2    0.144583 0.033750 0.000000 0.275417 0.073750 
 Compar  0.246667 0.282917 0.275417 0.000000 0.276667 
 Ppmz    0.138333 0.077917 0.073750 0.276667 0.000000 


