compatibilityTable_LtoL
          7Zip     Mfc1     Mfc2     Compar   Ppmz    
 7Zip    0.000000 1.960784 1.764706 2.882353 1.764706 
 Mfc1    1.960784 0.000000 0.705882 3.235294 1.176471 
 Mfc2    1.764706 0.705882 0.000000 3.078431 1.176471 
 Compar  2.882353 3.235294 3.078431 0.000000 3.156863 
 Ppmz    1.764706 1.176471 1.176471 3.156863 0.000000 


new_compatibilityTable_LtoL
          7Zip     Mfc1     Mfc2     Compar   Ppmz    
 7Zip    0.000000 0.122549 0.110294 0.180147 0.110294 
 Mfc1    0.122549 0.000000 0.044118 0.202206 0.073529 
 Mfc2    0.110294 0.044118 0.000000 0.192402 0.073529 
 Compar  0.180147 0.202206 0.192402 0.000000 0.197304 
 Ppmz    0.110294 0.073529 0.073529 0.197304 0.000000 


