compatibilityTable_LtoL
          7Zip     Mfc1     Mfc2     Compar   Ppmz    
 7Zip    0.000000 2.298077 2.192308 3.596154 2.028846 
 Mfc1    2.298077 0.000000 0.519231 4.394231 1.211538 
 Mfc2    2.192308 0.519231 0.000000 4.259615 1.096154 
 Compar  3.596154 4.394231 4.259615 0.000000 4.211538 
 Ppmz    2.028846 1.211538 1.096154 4.211538 0.000000 


new_compatibilityTable_LtoL
          7Zip     Mfc1     Mfc2     Compar   Ppmz    
 7Zip    0.000000 0.143630 0.137019 0.224760 0.126803 
 Mfc1    0.143630 0.000000 0.032452 0.274639 0.075721 
 Mfc2    0.137019 0.032452 0.000000 0.266226 0.068510 
 Compar  0.224760 0.274639 0.266226 0.000000 0.263221 
 Ppmz    0.126803 0.075721 0.068510 0.263221 0.000000 


