compatibilityTable_LtoL
          7Zip     Mfc1     Mfc2     Compar   Ppmz    
 7Zip    0.000000 2.412121 2.278788 3.630303 2.145455 
 Mfc1    2.412121 0.000000 0.557576 4.490909 1.236364 
 Mfc2    2.278788 0.557576 0.000000 4.345455 1.127273 
 Compar  3.630303 4.490909 4.345455 0.000000 4.345455 
 Ppmz    2.145455 1.236364 1.127273 4.345455 0.000000 


new_compatibilityTable_LtoL
          7Zip     Mfc1     Mfc2     Compar   Ppmz    
 7Zip    0.000000 0.150758 0.142424 0.226894 0.134091 
 Mfc1    0.150758 0.000000 0.034848 0.280682 0.077273 
 Mfc2    0.142424 0.034848 0.000000 0.271591 0.070455 
 Compar  0.226894 0.280682 0.271591 0.000000 0.271591 
 Ppmz    0.134091 0.077273 0.070455 0.271591 0.000000 


