compatibilityTable_LtoL
          7Zip     Mfc1     Mfc2     Compar   Ppmz    
 7Zip    0.000000 2.307692 2.205128 3.735043 2.076923 
 Mfc1    2.307692 0.000000 0.504274 4.495727 1.239316 
 Mfc2    2.205128 0.504274 0.000000 4.376069 1.128205 
 Compar  3.735043 4.495727 4.376069 0.000000 4.350427 
 Ppmz    2.076923 1.239316 1.128205 4.350427 0.000000 


new_compatibilityTable_LtoL
          7Zip     Mfc1     Mfc2     Compar   Ppmz    
 7Zip    0.000000 0.144231 0.137821 0.233440 0.129808 
 Mfc1    0.144231 0.000000 0.031517 0.280983 0.077457 
 Mfc2    0.137821 0.031517 0.000000 0.273504 0.070513 
 Compar  0.233440 0.280983 0.273504 0.000000 0.271902 
 Ppmz    0.129808 0.077457 0.070513 0.271902 0.000000 


