compatibilityTable_LtoL
          7Zip     Mfc1     Mfc2     Compar   Ppmz    
 7Zip    0.000000 2.417178 2.282209 3.638037 2.147239 
 Mfc1    2.417178 0.000000 0.564417 4.509202 1.251534 
 Mfc2    2.282209 0.564417 0.000000 4.361963 1.141104 
 Compar  3.638037 4.509202 4.361963 0.000000 4.361963 
 Ppmz    2.147239 1.251534 1.141104 4.361963 0.000000 


new_compatibilityTable_LtoL
          7Zip     Mfc1     Mfc2     Compar   Ppmz    
 7Zip    0.000000 0.151074 0.142638 0.227377 0.134202 
 Mfc1    0.151074 0.000000 0.035276 0.281825 0.078221 
 Mfc2    0.142638 0.035276 0.000000 0.272623 0.071319 
 Compar  0.227377 0.281825 0.272623 0.000000 0.272623 
 Ppmz    0.134202 0.078221 0.071319 0.272623 0.000000 


