compatibilityTable_LtoL
          7Zip     Mfc1     Mfc2     Compar   Ppmz    
 7Zip    0.000000 2.000000 1.869565 2.913043 1.739130 
 Mfc1    2.000000 0.000000 0.695652 3.260870 1.217391 
 Mfc2    1.869565 0.695652 0.000000 3.130435 1.130435 
 Compar  2.913043 3.260870 3.130435 0.000000 3.130435 
 Ppmz    1.739130 1.217391 1.130435 3.130435 0.000000 


new_compatibilityTable_LtoL
          7Zip     Mfc1     Mfc2     Compar   Ppmz    
 7Zip    0.000000 0.125000 0.116848 0.182065 0.108696 
 Mfc1    0.125000 0.000000 0.043478 0.203804 0.076087 
 Mfc2    0.116848 0.043478 0.000000 0.195652 0.070652 
 Compar  0.182065 0.203804 0.195652 0.000000 0.195652 
 Ppmz    0.108696 0.076087 0.070652 0.195652 0.000000 


