compatibilityTable_LtoL
          7Zip     Mfc1     Mfc2     Compar   Ppmz    
 7Zip    0.000000 3.294118 3.176471 3.235294 2.470588 
 Mfc1    3.294118 0.000000 1.294118 4.411765 1.529412 
 Mfc2    3.176471 1.294118 0.000000 4.176471 1.647059 
 Compar  3.235294 4.411765 4.176471 0.000000 3.941176 
 Ppmz    2.470588 1.529412 1.647059 3.941176 0.000000 


new_compatibilityTable_LtoL
          7Zip     Mfc1     Mfc2     Compar   Ppmz    
 7Zip    0.000000 0.205882 0.198529 0.202206 0.154412 
 Mfc1    0.205882 0.000000 0.080882 0.275735 0.095588 
 Mfc2    0.198529 0.080882 0.000000 0.261029 0.102941 
 Compar  0.202206 0.275735 0.261029 0.000000 0.246324 
 Ppmz    0.154412 0.095588 0.102941 0.246324 0.000000 


