compatibilityTable_LtoL
          7Zip     Mfc1     Mfc2     Compar   Ppmz    
 7Zip    0.000000 2.285714 2.209524 3.228571 2.076190 
 Mfc1    2.285714 0.000000 0.590476 3.933333 1.333333 
 Mfc2    2.209524 0.590476 0.000000 3.876190 1.352381 
 Compar  3.228571 3.933333 3.876190 0.000000 3.914286 
 Ppmz    2.076190 1.333333 1.352381 3.914286 0.000000 


new_compatibilityTable_LtoL
          7Zip     Mfc1     Mfc2     Compar   Ppmz    
 7Zip    0.000000 0.142857 0.138095 0.201786 0.129762 
 Mfc1    0.142857 0.000000 0.036905 0.245833 0.083333 
 Mfc2    0.138095 0.036905 0.000000 0.242262 0.084524 
 Compar  0.201786 0.245833 0.242262 0.000000 0.244643 
 Ppmz    0.129762 0.083333 0.084524 0.244643 0.000000 


