compatibilityTable_LtoL
          7Zip     Mfc1     Mfc2     Compar   Ppmz    
 7Zip    0.000000 1.888889 1.703704 2.888889 1.666667 
 Mfc1    1.888889 0.000000 0.666667 3.222222 1.148148 
 Mfc2    1.703704 0.666667 0.000000 3.074074 1.148148 
 Compar  2.888889 3.222222 3.074074 0.000000 3.148148 
 Ppmz    1.666667 1.148148 1.148148 3.148148 0.000000 


new_compatibilityTable_LtoL
          7Zip     Mfc1     Mfc2     Compar   Ppmz    
 7Zip    0.000000 0.118056 0.106481 0.180556 0.104167 
 Mfc1    0.118056 0.000000 0.041667 0.201389 0.071759 
 Mfc2    0.106481 0.041667 0.000000 0.192130 0.071759 
 Compar  0.180556 0.201389 0.192130 0.000000 0.196759 
 Ppmz    0.104167 0.071759 0.071759 0.196759 0.000000 


