compatibilityTable_LtoL
          7Zip     Mfc1     Mfc2     Compar   Ppmz    
 7Zip    0.000000 2.050000 2.000000 2.950000 1.900000 
 Mfc1    2.050000 0.000000 0.700000 3.400000 1.250000 
 Mfc2    2.000000 0.700000 0.000000 3.250000 1.250000 
 Compar  2.950000 3.400000 3.250000 0.000000 3.300000 
 Ppmz    1.900000 1.250000 1.250000 3.300000 0.000000 


new_compatibilityTable_LtoL
          7Zip     Mfc1     Mfc2     Compar   Ppmz    
 7Zip    0.000000 0.128125 0.125000 0.184375 0.118750 
 Mfc1    0.128125 0.000000 0.043750 0.212500 0.078125 
 Mfc2    0.125000 0.043750 0.000000 0.203125 0.078125 
 Compar  0.184375 0.212500 0.203125 0.000000 0.206250 
 Ppmz    0.118750 0.078125 0.078125 0.206250 0.000000 


