compatibilityTable_LtoL
          7Zip     Mfc1     Mfc2     Compar   Ppmz    
 7Zip    0.000000 2.409639 2.277108 3.626506 2.132530 
 Mfc1    2.409639 0.000000 0.554217 4.493976 1.240964 
 Mfc2    2.277108 0.554217 0.000000 4.349398 1.132530 
 Compar  3.626506 4.493976 4.349398 0.000000 4.337349 
 Ppmz    2.132530 1.240964 1.132530 4.337349 0.000000 


new_compatibilityTable_LtoL
          7Zip     Mfc1     Mfc2     Compar   Ppmz    
 7Zip    0.000000 0.150602 0.142319 0.226657 0.133283 
 Mfc1    0.150602 0.000000 0.034639 0.280874 0.077560 
 Mfc2    0.142319 0.034639 0.000000 0.271837 0.070783 
 Compar  0.226657 0.280874 0.271837 0.000000 0.271084 
 Ppmz    0.133283 0.077560 0.070783 0.271084 0.000000 


