compatibilityTable_LtoL
          7Zip     Mfc1     Mfc2     Compar   Ppmz    
 7Zip    0.000000 2.563636 2.454545 3.254545 2.345454 
 Mfc1    2.563636 0.000000 0.600000 4.181818 1.363636 
 Mfc2    2.454545 0.600000 0.000000 4.109091 1.345455 
 Compar  3.254545 4.181818 4.109091 0.000000 4.163636 
 Ppmz    2.345454 1.363636 1.345455 4.163636 0.000000 


new_compatibilityTable_LtoL
          7Zip     Mfc1     Mfc2     Compar   Ppmz    
 7Zip    0.000000 0.160227 0.153409 0.203409 0.146591 
 Mfc1    0.160227 0.000000 0.037500 0.261364 0.085227 
 Mfc2    0.153409 0.037500 0.000000 0.256818 0.084091 
 Compar  0.203409 0.261364 0.256818 0.000000 0.260227 
 Ppmz    0.146591 0.085227 0.084091 0.260227 0.000000 


