compatibilityTable_LtoL
          7Zip     Mfc1     Mfc2     Compar   Ppmz    
 7Zip    0.000000 2.309179 2.202899 3.599034 2.038647 
 Mfc1    2.309179 0.000000 0.521739 4.400966 1.217391 
 Mfc2    2.202899 0.521739 0.000000 4.265700 1.101449 
 Compar  3.599034 4.400966 4.265700 0.000000 4.217391 
 Ppmz    2.038647 1.217391 1.101449 4.217391 0.000000 


new_compatibilityTable_LtoL
          7Zip     Mfc1     Mfc2     Compar   Ppmz    
 7Zip    0.000000 0.144324 0.137681 0.224940 0.127415 
 Mfc1    0.144324 0.000000 0.032609 0.275060 0.076087 
 Mfc2    0.137681 0.032609 0.000000 0.266606 0.068841 
 Compar  0.224940 0.275060 0.266606 0.000000 0.263587 
 Ppmz    0.127415 0.076087 0.068841 0.263587 0.000000 


