compatibilityTable_LtoL
          7Zip     Mfc1     Mfc2     Compar   Ppmz    
 7Zip    0.000000 2.303571 2.196429 3.678571 2.053571 
 Mfc1    2.303571 0.000000 0.491071 4.473214 1.187500 
 Mfc2    2.196429 0.491071 0.000000 4.348214 1.071429 
 Compar  3.678571 4.473214 4.348214 0.000000 4.285714 
 Ppmz    2.053571 1.187500 1.071429 4.285714 0.000000 


new_compatibilityTable_LtoL
          7Zip     Mfc1     Mfc2     Compar   Ppmz    
 7Zip    0.000000 0.143973 0.137277 0.229911 0.128348 
 Mfc1    0.143973 0.000000 0.030692 0.279576 0.074219 
 Mfc2    0.137277 0.030692 0.000000 0.271763 0.066964 
 Compar  0.229911 0.279576 0.271763 0.000000 0.267857 
 Ppmz    0.128348 0.074219 0.066964 0.267857 0.000000 


