compatibilityTable_LtoL
          7Zip     Mfc1     Mfc2     Compar   Ppmz    
 7Zip    0.000000 2.233766 2.155844 3.077922 2.129870 
 Mfc1    2.233766 0.000000 0.753247 3.597403 1.298701 
 Mfc2    2.155844 0.753247 0.000000 3.545455 1.376623 
 Compar  3.077922 3.597403 3.545455 0.000000 3.675325 
 Ppmz    2.129870 1.298701 1.376623 3.675325 0.000000 


new_compatibilityTable_LtoL
          7Zip     Mfc1     Mfc2     Compar   Ppmz    
 7Zip    0.000000 0.139610 0.134740 0.192370 0.133117 
 Mfc1    0.139610 0.000000 0.047078 0.224838 0.081169 
 Mfc2    0.134740 0.047078 0.000000 0.221591 0.086039 
 Compar  0.192370 0.224838 0.221591 0.000000 0.229708 
 Ppmz    0.133117 0.081169 0.086039 0.229708 0.000000 


