compatibilityTable_LtoL
          7Zip     Mfc1     Mfc2     Compar   Ppmz    
 7Zip    0.000000 2.537815 2.386555 3.201681 2.252101 
 Mfc1    2.537815 0.000000 0.621849 4.176471 1.361345 
 Mfc2    2.386555 0.621849 0.000000 4.042017 1.277311 
 Compar  3.201681 4.176471 4.042017 0.000000 4.058824 
 Ppmz    2.252101 1.361345 1.277311 4.058824 0.000000 


new_compatibilityTable_LtoL
          7Zip     Mfc1     Mfc2     Compar   Ppmz    
 7Zip    0.000000 0.158613 0.149160 0.200105 0.140756 
 Mfc1    0.158613 0.000000 0.038866 0.261029 0.085084 
 Mfc2    0.149160 0.038866 0.000000 0.252626 0.079832 
 Compar  0.200105 0.261029 0.252626 0.000000 0.253676 
 Ppmz    0.140756 0.085084 0.079832 0.253676 0.000000 


