compatibilityTable_LtoL
          7Zip     Mfc1     Mfc2     Compar   Ppmz    
 7Zip    0.000000 2.603448 2.448276 3.241379 2.310345 
 Mfc1    2.603448 0.000000 0.637931 4.241379 1.396552 
 Mfc2    2.448276 0.637931 0.000000 4.103448 1.310345 
 Compar  3.241379 4.241379 4.103448 0.000000 4.120690 
 Ppmz    2.310345 1.396552 1.310345 4.120690 0.000000 


new_compatibilityTable_LtoL
          7Zip     Mfc1     Mfc2     Compar   Ppmz    
 7Zip    0.000000 0.162716 0.153017 0.202586 0.144397 
 Mfc1    0.162716 0.000000 0.039871 0.265086 0.087284 
 Mfc2    0.153017 0.039871 0.000000 0.256466 0.081897 
 Compar  0.202586 0.265086 0.256466 0.000000 0.257543 
 Ppmz    0.144397 0.087284 0.081897 0.257543 0.000000 


