compatibilityTable_LtoL
          7Zip     Mfc1     Mfc2     Compar   Ppmz    
 7Zip    0.000000 2.310160 2.171123 3.513369 1.946524 
 Mfc1    2.310160 0.000000 0.545455 4.368984 1.229946 
 Mfc2    2.171123 0.545455 0.000000 4.208556 1.112299 
 Compar  3.513369 4.368984 4.208556 0.000000 4.155080 
 Ppmz    1.946524 1.229946 1.112299 4.155080 0.000000 


new_compatibilityTable_LtoL
          7Zip     Mfc1     Mfc2     Compar   Ppmz    
 7Zip    0.000000 0.144385 0.135695 0.219586 0.121658 
 Mfc1    0.144385 0.000000 0.034091 0.273061 0.076872 
 Mfc2    0.135695 0.034091 0.000000 0.263035 0.069519 
 Compar  0.219586 0.273061 0.263035 0.000000 0.259693 
 Ppmz    0.121658 0.076872 0.069519 0.259693 0.000000 


