compatibilityTable_LtoL
          7Zip     Mfc1     Mfc2     Compar   Ppmz    
 7Zip    0.000000 2.142857 2.061224 3.163265 1.979592 
 Mfc1    2.142857 0.000000 0.612245 3.734694 1.326531 
 Mfc2    2.061224 0.612245 0.000000 3.673469 1.367347 
 Compar  3.163265 3.734694 3.673469 0.000000 3.755102 
 Ppmz    1.979592 1.326531 1.367347 3.755102 0.000000 


new_compatibilityTable_LtoL
          7Zip     Mfc1     Mfc2     Compar   Ppmz    
 7Zip    0.000000 0.133929 0.128827 0.197704 0.123724 
 Mfc1    0.133929 0.000000 0.038265 0.233418 0.082908 
 Mfc2    0.128827 0.038265 0.000000 0.229592 0.085459 
 Compar  0.197704 0.233418 0.229592 0.000000 0.234694 
 Ppmz    0.123724 0.082908 0.085459 0.234694 0.000000 


