compatibilityTable_LtoL
          7Zip     Mfc1     Mfc2     Compar   Ppmz    
 7Zip    0.000000 2.555102 2.473469 4.020408 2.302041 
 Mfc1    2.555102 0.000000 0.579592 4.763265 1.306122 
 Mfc2    2.473469 0.579592 0.000000 4.624490 1.200000 
 Compar  4.020408 4.763265 4.624490 0.000000 4.640816 
 Ppmz    2.302041 1.306122 1.200000 4.640816 0.000000 


new_compatibilityTable_LtoL
          7Zip     Mfc1     Mfc2     Compar   Ppmz    
 7Zip    0.000000 0.159694 0.154592 0.251276 0.143878 
 Mfc1    0.159694 0.000000 0.036224 0.297704 0.081633 
 Mfc2    0.154592 0.036224 0.000000 0.289031 0.075000 
 Compar  0.251276 0.297704 0.289031 0.000000 0.290051 
 Ppmz    0.143878 0.081633 0.075000 0.290051 0.000000 


