compatibilityTable_LtoL
          7Zip     Mfc1     Mfc2     Compar   Ppmz    
 7Zip    0.000000 1.960000 1.760000 2.920000 1.760000 
 Mfc1    1.960000 0.000000 0.720000 3.240000 1.160000 
 Mfc2    1.760000 0.720000 0.000000 3.080000 1.160000 
 Compar  2.920000 3.240000 3.080000 0.000000 3.160000 
 Ppmz    1.760000 1.160000 1.160000 3.160000 0.000000 


new_compatibilityTable_LtoL
          7Zip     Mfc1     Mfc2     Compar   Ppmz    
 7Zip    0.000000 0.122500 0.110000 0.182500 0.110000 
 Mfc1    0.122500 0.000000 0.045000 0.202500 0.072500 
 Mfc2    0.110000 0.045000 0.000000 0.192500 0.072500 
 Compar  0.182500 0.202500 0.192500 0.000000 0.197500 
 Ppmz    0.110000 0.072500 0.072500 0.197500 0.000000 


