compatibilityTable_LtoL
          7Zip     Mfc1     Mfc2     Compar   Ppmz    
 7Zip    0.000000 2.000000 1.888889 2.611111 1.722222 
 Mfc1    2.000000 0.000000 0.666667 3.166667 1.277778 
 Mfc2    1.888889 0.666667 0.000000 3.000000 1.277778 
 Compar  2.611111 3.166667 3.000000 0.000000 3.055556 
 Ppmz    1.722222 1.277778 1.277778 3.055556 0.000000 


new_compatibilityTable_LtoL
          7Zip     Mfc1     Mfc2     Compar   Ppmz    
 7Zip    0.000000 0.125000 0.118056 0.163194 0.107639 
 Mfc1    0.125000 0.000000 0.041667 0.197917 0.079861 
 Mfc2    0.118056 0.041667 0.000000 0.187500 0.079861 
 Compar  0.163194 0.197917 0.187500 0.000000 0.190972 
 Ppmz    0.107639 0.079861 0.079861 0.190972 0.000000 


