compatibilityTable_LtoL
          7Zip     Mfc1     Mfc2     Compar   Ppmz    
 7Zip    0.000000 2.428571 2.285714 3.238095 2.174603 
 Mfc1    2.428571 0.000000 0.587302 4.142857 1.301587 
 Mfc2    2.285714 0.587302 0.000000 4.015873 1.222222 
 Compar  3.238095 4.142857 4.015873 0.000000 4.015873 
 Ppmz    2.174603 1.301587 1.222222 4.015873 0.000000 


new_compatibilityTable_LtoL
          7Zip     Mfc1     Mfc2     Compar   Ppmz    
 7Zip    0.000000 0.151786 0.142857 0.202381 0.135913 
 Mfc1    0.151786 0.000000 0.036706 0.258929 0.081349 
 Mfc2    0.142857 0.036706 0.000000 0.250992 0.076389 
 Compar  0.202381 0.258929 0.250992 0.000000 0.250992 
 Ppmz    0.135913 0.081349 0.076389 0.250992 0.000000 


