compatibilityTable_LtoL
          7Zip     Mfc1     Mfc2     Compar   Ppmz    
 7Zip    0.000000 2.289157 2.216867 3.240964 2.144578 
 Mfc1    2.289157 0.000000 0.698795 3.795181 1.397590 
 Mfc2    2.216867 0.698795 0.000000 3.746988 1.469880 
 Compar  3.240964 3.795181 3.746988 0.000000 3.843374 
 Ppmz    2.144578 1.397590 1.469880 3.843374 0.000000 


new_compatibilityTable_LtoL
          7Zip     Mfc1     Mfc2     Compar   Ppmz    
 7Zip    0.000000 0.143072 0.138554 0.202560 0.134036 
 Mfc1    0.143072 0.000000 0.043675 0.237199 0.087349 
 Mfc2    0.138554 0.043675 0.000000 0.234187 0.091867 
 Compar  0.202560 0.237199 0.234187 0.000000 0.240211 
 Ppmz    0.134036 0.087349 0.091867 0.240211 0.000000 


