compatibilityTable_LtoL
          7Zip     Mfc1     Mfc2     Compar   Ppmz    
 7Zip    0.000000 2.301887 2.198113 3.613208 2.047170 
 Mfc1    2.301887 0.000000 0.509434 4.424528 1.216981 
 Mfc2    2.198113 0.509434 0.000000 4.292453 1.103774 
 Compar  3.613208 4.424528 4.292453 0.000000 4.235849 
 Ppmz    2.047170 1.216981 1.103774 4.235849 0.000000 


new_compatibilityTable_LtoL
          7Zip     Mfc1     Mfc2     Compar   Ppmz    
 7Zip    0.000000 0.143868 0.137382 0.225825 0.127948 
 Mfc1    0.143868 0.000000 0.031840 0.276533 0.076061 
 Mfc2    0.137382 0.031840 0.000000 0.268278 0.068986 
 Compar  0.225825 0.276533 0.268278 0.000000 0.264741 
 Ppmz    0.127948 0.076061 0.068986 0.264741 0.000000 


