compatibilityTable_LtoL
          7Zip     Mfc1     Mfc2     Compar   Ppmz    
 7Zip    0.000000 2.418410 2.334728 3.794979 2.184100 
 Mfc1    2.418410 0.000000 0.535565 4.573222 1.263598 
 Mfc2    2.334728 0.535565 0.000000 4.439331 1.154812 
 Compar  3.794979 4.573222 4.439331 0.000000 4.430963 
 Ppmz    2.184100 1.263598 1.154812 4.430963 0.000000 


new_compatibilityTable_LtoL
          7Zip     Mfc1     Mfc2     Compar   Ppmz    
 7Zip    0.000000 0.151151 0.145921 0.237186 0.136506 
 Mfc1    0.151151 0.000000 0.033473 0.285826 0.078975 
 Mfc2    0.145921 0.033473 0.000000 0.277458 0.072176 
 Compar  0.237186 0.285826 0.277458 0.000000 0.276935 
 Ppmz    0.136506 0.078975 0.072176 0.276935 0.000000 


