compatibilityTable_LtoL
          7Zip     Mfc1     Mfc2     Compar   Ppmz    
 7Zip    0.000000 2.360465 2.220930 3.558140 2.069767 
 Mfc1    2.360465 0.000000 0.546512 4.430233 1.220930 
 Mfc2    2.220930 0.546512 0.000000 4.279070 1.104651 
 Compar  3.558140 4.430233 4.279070 0.000000 4.255814 
 Ppmz    2.069767 1.220930 1.104651 4.255814 0.000000 


new_compatibilityTable_LtoL
          7Zip     Mfc1     Mfc2     Compar   Ppmz    
 7Zip    0.000000 0.147529 0.138808 0.222384 0.129360 
 Mfc1    0.147529 0.000000 0.034157 0.276890 0.076308 
 Mfc2    0.138808 0.034157 0.000000 0.267442 0.069041 
 Compar  0.222384 0.276890 0.267442 0.000000 0.265988 
 Ppmz    0.129360 0.076308 0.069041 0.265988 0.000000 


