compatibilityTable_LtoL
          7Zip     Mfc1     Mfc2     Compar   Ppmz    
 7Zip    0.000000 2.430556 2.368056 3.986111 2.263889 
 Mfc1    2.430556 0.000000 0.555556 4.576389 1.263889 
 Mfc2    2.368056 0.555556 0.000000 4.458333 1.187500 
 Compar  3.986111 4.576389 4.458333 0.000000 4.493055 
 Ppmz    2.263889 1.263889 1.187500 4.493055 0.000000 


new_compatibilityTable_LtoL
          7Zip     Mfc1     Mfc2     Compar   Ppmz    
 7Zip    0.000000 0.151910 0.148003 0.249132 0.141493 
 Mfc1    0.151910 0.000000 0.034722 0.286024 0.078993 
 Mfc2    0.148003 0.034722 0.000000 0.278646 0.074219 
 Compar  0.249132 0.286024 0.278646 0.000000 0.280816 
 Ppmz    0.141493 0.078993 0.074219 0.280816 0.000000 


