compatibilityTable_LtoL
          7Zip     Mfc1     Mfc2     Compar   Ppmz    
 7Zip    0.000000 2.317073 2.243902 3.243902 2.170732 
 Mfc1    2.317073 0.000000 0.707317 3.804878 1.414634 
 Mfc2    2.243902 0.707317 0.000000 3.756098 1.487805 
 Compar  3.243902 3.804878 3.756098 0.000000 3.853658 
 Ppmz    2.170732 1.414634 1.487805 3.853658 0.000000 


new_compatibilityTable_LtoL
          7Zip     Mfc1     Mfc2     Compar   Ppmz    
 7Zip    0.000000 0.144817 0.140244 0.202744 0.135671 
 Mfc1    0.144817 0.000000 0.044207 0.237805 0.088415 
 Mfc2    0.140244 0.044207 0.000000 0.234756 0.092988 
 Compar  0.202744 0.237805 0.234756 0.000000 0.240854 
 Ppmz    0.135671 0.088415 0.092988 0.240854 0.000000 


