compatibilityTable_LtoL
          7Zip     Mfc1     Mfc2     Compar   Ppmz    
 7Zip    0.000000 2.325843 2.191011 3.550562 2.022472 
 Mfc1    2.325843 0.000000 0.528090 4.404494 1.213483 
 Mfc2    2.191011 0.528090 0.000000 4.258427 1.101124 
 Compar  3.550562 4.404494 4.258427 0.000000 4.224719 
 Ppmz    2.022472 1.213483 1.101124 4.224719 0.000000 


new_compatibilityTable_LtoL
          7Zip     Mfc1     Mfc2     Compar   Ppmz    
 7Zip    0.000000 0.145365 0.136938 0.221910 0.126404 
 Mfc1    0.145365 0.000000 0.033006 0.275281 0.075843 
 Mfc2    0.136938 0.033006 0.000000 0.266152 0.068820 
 Compar  0.221910 0.275281 0.266152 0.000000 0.264045 
 Ppmz    0.126404 0.075843 0.068820 0.264045 0.000000 


