compatibilityTable_LtoL
          7Zip     Mfc1     Mfc2     Compar   Ppmz    
 7Zip    0.000000 2.900000 2.800000 3.000000 2.600000 
 Mfc1    2.900000 0.000000 1.100000 4.100000 1.900000 
 Mfc2    2.800000 1.100000 0.000000 3.900000 2.000000 
 Compar  3.000000 4.100000 3.900000 0.000000 3.900000 
 Ppmz    2.600000 1.900000 2.000000 3.900000 0.000000 


new_compatibilityTable_LtoL
          7Zip     Mfc1     Mfc2     Compar   Ppmz    
 7Zip    0.000000 0.181250 0.175000 0.187500 0.162500 
 Mfc1    0.181250 0.000000 0.068750 0.256250 0.118750 
 Mfc2    0.175000 0.068750 0.000000 0.243750 0.125000 
 Compar  0.187500 0.256250 0.243750 0.000000 0.243750 
 Ppmz    0.162500 0.118750 0.125000 0.243750 0.000000 


