compatibilityTable_LtoL
          7Zip     Mfc1     Mfc2     Compar   Ppmz    
 7Zip    0.000000 2.333333 2.195402 3.528736 2.045977 
 Mfc1    2.333333 0.000000 0.540230 4.390805 1.206897 
 Mfc2    2.195402 0.540230 0.000000 4.241379 1.091954 
 Compar  3.528736 4.390805 4.241379 0.000000 4.218391 
 Ppmz    2.045977 1.206897 1.091954 4.218391 0.000000 


new_compatibilityTable_LtoL
          7Zip     Mfc1     Mfc2     Compar   Ppmz    
 7Zip    0.000000 0.145833 0.137213 0.220546 0.127874 
 Mfc1    0.145833 0.000000 0.033764 0.274425 0.075431 
 Mfc2    0.137213 0.033764 0.000000 0.265086 0.068247 
 Compar  0.220546 0.274425 0.265086 0.000000 0.263649 
 Ppmz    0.127874 0.075431 0.068247 0.263649 0.000000 


