compatibilityTable_LtoL
          7Zip     Mfc1     Mfc2     Compar   Ppmz    
 7Zip    0.000000 2.475524 2.349650 3.587413 2.181818 
 Mfc1    2.475524 0.000000 0.573427 4.384615 1.314685 
 Mfc2    2.349650 0.573427 0.000000 4.272727 1.244755 
 Compar  3.587413 4.384615 4.272727 0.000000 4.258741 
 Ppmz    2.181818 1.314685 1.244755 4.258741 0.000000 


new_compatibilityTable_LtoL
          7Zip     Mfc1     Mfc2     Compar   Ppmz    
 7Zip    0.000000 0.154720 0.146853 0.224213 0.136364 
 Mfc1    0.154720 0.000000 0.035839 0.274038 0.082168 
 Mfc2    0.146853 0.035839 0.000000 0.267045 0.077797 
 Compar  0.224213 0.274038 0.267045 0.000000 0.266171 
 Ppmz    0.136364 0.082168 0.077797 0.266171 0.000000 


