compatibilityTable_LtoL
          7Zip     Mfc1     Mfc2     Compar   Ppmz    
 7Zip    0.000000 3.250000 3.125000 3.125000 2.375000 
 Mfc1    3.250000 0.000000 1.250000 4.375000 1.500000 
 Mfc2    3.125000 1.250000 0.000000 4.125000 1.625000 
 Compar  3.125000 4.375000 4.125000 0.000000 3.875000 
 Ppmz    2.375000 1.500000 1.625000 3.875000 0.000000 


new_compatibilityTable_LtoL
          7Zip     Mfc1     Mfc2     Compar   Ppmz    
 7Zip    0.000000 0.203125 0.195312 0.195312 0.148438 
 Mfc1    0.203125 0.000000 0.078125 0.273438 0.093750 
 Mfc2    0.195312 0.078125 0.000000 0.257812 0.101562 
 Compar  0.195312 0.273438 0.257812 0.000000 0.242188 
 Ppmz    0.148438 0.093750 0.101562 0.242188 0.000000 


