compatibilityTable_LtoL
          7Zip     Mfc1     Mfc2     Compar   Ppmz    
 7Zip    0.000000 2.455172 2.331034 3.606897 2.165517 
 Mfc1    2.455172 0.000000 0.565517 4.406897 1.296552 
 Mfc2    2.331034 0.565517 0.000000 4.296552 1.227586 
 Compar  3.606897 4.406897 4.296552 0.000000 4.282759 
 Ppmz    2.165517 1.296552 1.227586 4.282759 0.000000 


new_compatibilityTable_LtoL
          7Zip     Mfc1     Mfc2     Compar   Ppmz    
 7Zip    0.000000 0.153448 0.145690 0.225431 0.135345 
 Mfc1    0.153448 0.000000 0.035345 0.275431 0.081034 
 Mfc2    0.145690 0.035345 0.000000 0.268534 0.076724 
 Compar  0.225431 0.275431 0.268534 0.000000 0.267672 
 Ppmz    0.135345 0.081034 0.076724 0.267672 0.000000 


