compatibilityTable_LtoL
          7Zip     Mfc1     Mfc2     Compar   Ppmz    
 7Zip    0.000000 2.525548 2.459854 4.080292 2.343066 
 Mfc1    2.525548 0.000000 0.583942 4.715329 1.306569 
 Mfc2    2.459854 0.583942 0.000000 4.591241 1.226277 
 Compar  4.080292 4.715329 4.591241 0.000000 4.605839 
 Ppmz    2.343066 1.306569 1.226277 4.605839 0.000000 


new_compatibilityTable_LtoL
          7Zip     Mfc1     Mfc2     Compar   Ppmz    
 7Zip    0.000000 0.157847 0.153741 0.255018 0.146442 
 Mfc1    0.157847 0.000000 0.036496 0.294708 0.081661 
 Mfc2    0.153741 0.036496 0.000000 0.286953 0.076642 
 Compar  0.255018 0.294708 0.286953 0.000000 0.287865 
 Ppmz    0.146442 0.081661 0.076642 0.287865 0.000000 


