compatibilityTable_LtoL
          7Zip     Mfc1     Mfc2     Compar   Ppmz    
 7Zip    0.000000 1.821429 1.714286 2.857143 1.642857 
 Mfc1    1.821429 0.000000 0.714286 3.178571 1.142857 
 Mfc2    1.714286 0.714286 0.000000 3.107143 1.178571 
 Compar  2.857143 3.178571 3.107143 0.000000 3.142857 
 Ppmz    1.642857 1.142857 1.178571 3.142857 0.000000 


new_compatibilityTable_LtoL
          7Zip     Mfc1     Mfc2     Compar   Ppmz    
 7Zip    0.000000 0.113839 0.107143 0.178571 0.102679 
 Mfc1    0.113839 0.000000 0.044643 0.198661 0.071429 
 Mfc2    0.107143 0.044643 0.000000 0.194196 0.073661 
 Compar  0.178571 0.198661 0.194196 0.000000 0.196429 
 Ppmz    0.102679 0.071429 0.073661 0.196429 0.000000 


