compatibilityTable_LtoL
          7Zip     Mfc1     Mfc2     Compar   Ppmz    
 7Zip    0.000000 2.328205 2.205128 3.574359 1.989744 
 Mfc1    2.328205 0.000000 0.533333 4.374359 1.230769 
 Mfc2    2.205128 0.533333 0.000000 4.230769 1.128205 
 Compar  3.574359 4.374359 4.230769 0.000000 4.169231 
 Ppmz    1.989744 1.230769 1.128205 4.169231 0.000000 


new_compatibilityTable_LtoL
          7Zip     Mfc1     Mfc2     Compar   Ppmz    
 7Zip    0.000000 0.145513 0.137821 0.223397 0.124359 
 Mfc1    0.145513 0.000000 0.033333 0.273397 0.076923 
 Mfc2    0.137821 0.033333 0.000000 0.264423 0.070513 
 Compar  0.223397 0.273397 0.264423 0.000000 0.260577 
 Ppmz    0.124359 0.076923 0.070513 0.260577 0.000000 


