compatibilityTable_LtoL
          7Zip     Mfc1     Mfc2     Compar   Ppmz    
 7Zip    0.000000 3.052632 2.947368 3.105263 2.631579 
 Mfc1    3.052632 0.000000 1.157895 4.263158 1.894737 
 Mfc2    2.947368 1.157895 0.000000 4.052631 2.000000 
 Compar  3.105263 4.263158 4.052631 0.000000 3.947368 
 Ppmz    2.631579 1.894737 2.000000 3.947368 0.000000 


new_compatibilityTable_LtoL
          7Zip     Mfc1     Mfc2     Compar   Ppmz    
 7Zip    0.000000 0.190789 0.184211 0.194079 0.164474 
 Mfc1    0.190789 0.000000 0.072368 0.266447 0.118421 
 Mfc2    0.184211 0.072368 0.000000 0.253289 0.125000 
 Compar  0.194079 0.266447 0.253289 0.000000 0.246711 
 Ppmz    0.164474 0.118421 0.125000 0.246711 0.000000 


