compatibilityTable_LtoL
          7Zip     Mfc1     Mfc2     Compar   Ppmz    
 7Zip    0.000000 2.468085 2.340425 3.567376 2.170213 
 Mfc1    2.468085 0.000000 0.581560 4.361702 1.333333 
 Mfc2    2.340425 0.581560 0.000000 4.248227 1.262411 
 Compar  3.567376 4.361702 4.248227 0.000000 4.234043 
 Ppmz    2.170213 1.333333 1.262411 4.234043 0.000000 


new_compatibilityTable_LtoL
          7Zip     Mfc1     Mfc2     Compar   Ppmz    
 7Zip    0.000000 0.154255 0.146277 0.222961 0.135638 
 Mfc1    0.154255 0.000000 0.036348 0.272606 0.083333 
 Mfc2    0.146277 0.036348 0.000000 0.265514 0.078901 
 Compar  0.222961 0.272606 0.265514 0.000000 0.264628 
 Ppmz    0.135638 0.083333 0.078901 0.264628 0.000000 


