compatibilityTable_LtoL
          7Zip     Mfc1     Mfc2     Compar   Ppmz    
 7Zip    0.000000 2.467153 2.364964 3.525548 2.189781 
 Mfc1    2.467153 0.000000 0.569343 4.313869 1.343066 
 Mfc2    2.364964 0.569343 0.000000 4.197080 1.270073 
 Compar  3.525548 4.313869 4.197080 0.000000 4.211679 
 Ppmz    2.189781 1.343066 1.270073 4.211679 0.000000 


new_compatibilityTable_LtoL
          7Zip     Mfc1     Mfc2     Compar   Ppmz    
 7Zip    0.000000 0.154197 0.147810 0.220347 0.136861 
 Mfc1    0.154197 0.000000 0.035584 0.269617 0.083942 
 Mfc2    0.147810 0.035584 0.000000 0.262318 0.079380 
 Compar  0.220347 0.269617 0.262318 0.000000 0.263230 
 Ppmz    0.136861 0.083942 0.079380 0.263230 0.000000 


