compatibilityTable_LtoL
          7Zip     Mfc1     Mfc2     Compar   Ppmz    
 7Zip    0.000000 2.284404 2.183486 3.642202 2.036697 
 Mfc1    2.284404 0.000000 0.495413 4.440367 1.183486 
 Mfc2    2.183486 0.495413 0.000000 4.311927 1.073395 
 Compar  3.642202 4.440367 4.311927 0.000000 4.256881 
 Ppmz    2.036697 1.183486 1.073395 4.256881 0.000000 


new_compatibilityTable_LtoL
          7Zip     Mfc1     Mfc2     Compar   Ppmz    
 7Zip    0.000000 0.142775 0.136468 0.227638 0.127294 
 Mfc1    0.142775 0.000000 0.030963 0.277523 0.073968 
 Mfc2    0.136468 0.030963 0.000000 0.269495 0.067087 
 Compar  0.227638 0.277523 0.269495 0.000000 0.266055 
 Ppmz    0.127294 0.073968 0.067087 0.266055 0.000000 


