compatibilityTable_LtoL
          7Zip     Mfc1     Mfc2     Compar   Ppmz    
 7Zip    0.000000 2.400000 2.332203 3.983051 2.237288 
 Mfc1    2.400000 0.000000 0.549153 4.566102 1.247458 
 Mfc2    2.332203 0.549153 0.000000 4.444068 1.179661 
 Compar  3.983051 4.566102 4.444068 0.000000 4.484746 
 Ppmz    2.237288 1.247458 1.179661 4.484746 0.000000 


new_compatibilityTable_LtoL
          7Zip     Mfc1     Mfc2     Compar   Ppmz    
 7Zip    0.000000 0.150000 0.145763 0.248941 0.139831 
 Mfc1    0.150000 0.000000 0.034322 0.285381 0.077966 
 Mfc2    0.145763 0.034322 0.000000 0.277754 0.073729 
 Compar  0.248941 0.285381 0.277754 0.000000 0.280297 
 Ppmz    0.139831 0.077966 0.073729 0.280297 0.000000 


