compatibilityTable_LtoL
          7Zip     Mfc1     Mfc2     Compar   Ppmz    
 7Zip    0.000000 2.328358 2.208955 3.606965 2.029851 
 Mfc1    2.328358 0.000000 0.517413 4.383085 1.223881 
 Mfc2    2.208955 0.517413 0.000000 4.243781 1.124378 
 Compar  3.606965 4.383085 4.243781 0.000000 4.203980 
 Ppmz    2.029851 1.223881 1.124378 4.203980 0.000000 


new_compatibilityTable_LtoL
          7Zip     Mfc1     Mfc2     Compar   Ppmz    
 7Zip    0.000000 0.145522 0.138060 0.225435 0.126866 
 Mfc1    0.145522 0.000000 0.032338 0.273943 0.076493 
 Mfc2    0.138060 0.032338 0.000000 0.265236 0.070274 
 Compar  0.225435 0.273943 0.265236 0.000000 0.262749 
 Ppmz    0.126866 0.076493 0.070274 0.262749 0.000000 


