compatibilityTable_LtoL
          7Zip     Mfc1     Mfc2     Compar   Ppmz    
 7Zip    0.000000 2.295238 2.190476 3.590476 2.028571 
 Mfc1    2.295238 0.000000 0.514286 4.400000 1.200000 
 Mfc2    2.190476 0.514286 0.000000 4.266667 1.085714 
 Compar  3.590476 4.400000 4.266667 0.000000 4.219048 
 Ppmz    2.028571 1.200000 1.085714 4.219048 0.000000 


new_compatibilityTable_LtoL
          7Zip     Mfc1     Mfc2     Compar   Ppmz    
 7Zip    0.000000 0.143452 0.136905 0.224405 0.126786 
 Mfc1    0.143452 0.000000 0.032143 0.275000 0.075000 
 Mfc2    0.136905 0.032143 0.000000 0.266667 0.067857 
 Compar  0.224405 0.275000 0.266667 0.000000 0.263690 
 Ppmz    0.126786 0.075000 0.067857 0.263690 0.000000 


