compatibilityTable_LtoL
          7Zip     Mfc1     Mfc2     Compar   Ppmz    
 7Zip    0.000000 2.333333 2.333333 2.666667 1.500000 
 Mfc1    2.333333 0.000000 0.500000 3.500000 1.000000 
 Mfc2    2.333333 0.500000 0.000000 3.500000 0.833333 
 Compar  2.666667 3.500000 3.500000 0.000000 3.000000 
 Ppmz    1.500000 1.000000 0.833333 3.000000 0.000000 


new_compatibilityTable_LtoL
          7Zip     Mfc1     Mfc2     Compar   Ppmz    
 7Zip    0.000000 0.145833 0.145833 0.166667 0.093750 
 Mfc1    0.145833 0.000000 0.031250 0.218750 0.062500 
 Mfc2    0.145833 0.031250 0.000000 0.218750 0.052083 
 Compar  0.166667 0.218750 0.218750 0.000000 0.187500 
 Ppmz    0.093750 0.062500 0.052083 0.187500 0.000000 


