compatibilityTable_LtoL
          7Zip     Mfc1     Mfc2     Compar   Ppmz    
 7Zip    0.000000 2.432099 2.296296 3.580247 2.148148 
 Mfc1    2.432099 0.000000 0.567901 4.456790 1.246914 
 Mfc2    2.296296 0.567901 0.000000 4.308642 1.135803 
 Compar  3.580247 4.456790 4.308642 0.000000 4.308642 
 Ppmz    2.148148 1.246914 1.135803 4.308642 0.000000 


new_compatibilityTable_LtoL
          7Zip     Mfc1     Mfc2     Compar   Ppmz    
 7Zip    0.000000 0.152006 0.143519 0.223765 0.134259 
 Mfc1    0.152006 0.000000 0.035494 0.278549 0.077932 
 Mfc2    0.143519 0.035494 0.000000 0.269290 0.070988 
 Compar  0.223765 0.278549 0.269290 0.000000 0.269290 
 Ppmz    0.134259 0.077932 0.070988 0.269290 0.000000 


