compatibilityTable_LtoL
          7Zip     Mfc1     Mfc2     Compar   Ppmz    
 7Zip    0.000000 2.451128 2.330827 3.406015 2.180451 
 Mfc1    2.451128 0.000000 0.571429 4.263158 1.368421 
 Mfc2    2.330827 0.571429 0.000000 4.157895 1.278196 
 Compar  3.406015 4.263158 4.157895 0.000000 4.157895 
 Ppmz    2.180451 1.368421 1.278196 4.157895 0.000000 


new_compatibilityTable_LtoL
          7Zip     Mfc1     Mfc2     Compar   Ppmz    
 7Zip    0.000000 0.153195 0.145677 0.212876 0.136278 
 Mfc1    0.153195 0.000000 0.035714 0.266447 0.085526 
 Mfc2    0.145677 0.035714 0.000000 0.259868 0.079887 
 Compar  0.212876 0.266447 0.259868 0.000000 0.259868 
 Ppmz    0.136278 0.085526 0.079887 0.259868 0.000000 


