compatibilityTable_LtoL
          7Zip     Mfc1     Mfc2     Compar   Ppmz    
 7Zip    0.000000 2.298246 2.201754 3.675439 2.052632 
 Mfc1    2.298246 0.000000 0.508772 4.473684 1.192982 
 Mfc2    2.201754 0.508772 0.000000 4.350877 1.087719 
 Compar  3.675439 4.473684 4.350877 0.000000 4.289474 
 Ppmz    2.052632 1.192982 1.087719 4.289474 0.000000 


new_compatibilityTable_LtoL
          7Zip     Mfc1     Mfc2     Compar   Ppmz    
 7Zip    0.000000 0.143640 0.137610 0.229715 0.128289 
 Mfc1    0.143640 0.000000 0.031798 0.279605 0.074561 
 Mfc2    0.137610 0.031798 0.000000 0.271930 0.067982 
 Compar  0.229715 0.279605 0.271930 0.000000 0.268092 
 Ppmz    0.128289 0.074561 0.067982 0.268092 0.000000 


