compatibilityTable_LtoL
          7Zip     Mfc1     Mfc2     Compar   Ppmz    
 7Zip    0.000000 2.279570 2.139785 3.494624 1.946237 
 Mfc1    2.279570 0.000000 0.537634 4.344086 1.204301 
 Mfc2    2.139785 0.537634 0.000000 4.182796 1.086022 
 Compar  3.494624 4.344086 4.182796 0.000000 4.150537 
 Ppmz    1.946237 1.204301 1.086022 4.150537 0.000000 


new_compatibilityTable_LtoL
          7Zip     Mfc1     Mfc2     Compar   Ppmz    
 7Zip    0.000000 0.142473 0.133737 0.218414 0.121640 
 Mfc1    0.142473 0.000000 0.033602 0.271505 0.075269 
 Mfc2    0.133737 0.033602 0.000000 0.261425 0.067876 
 Compar  0.218414 0.271505 0.261425 0.000000 0.259409 
 Ppmz    0.121640 0.075269 0.067876 0.259409 0.000000 


