compatibilityTable_LtoL
          7Zip     Mfc1     Mfc2     Compar   Ppmz    
 7Zip    0.000000 2.426829 2.292683 3.634146 2.158537 
 Mfc1    2.426829 0.000000 0.560976 4.500000 1.243902 
 Mfc2    2.292683 0.560976 0.000000 4.353659 1.134146 
 Compar  3.634146 4.500000 4.353659 0.000000 4.353659 
 Ppmz    2.158537 1.243902 1.134146 4.353659 0.000000 


new_compatibilityTable_LtoL
          7Zip     Mfc1     Mfc2     Compar   Ppmz    
 7Zip    0.000000 0.151677 0.143293 0.227134 0.134909 
 Mfc1    0.151677 0.000000 0.035061 0.281250 0.077744 
 Mfc2    0.143293 0.035061 0.000000 0.272104 0.070884 
 Compar  0.227134 0.281250 0.272104 0.000000 0.272104 
 Ppmz    0.134909 0.077744 0.070884 0.272104 0.000000 


