compatibilityTable_LtoL
          7Zip     Mfc1     Mfc2     Compar   Ppmz    
 7Zip    0.000000 2.317460 2.179894 3.507936 1.968254 
 Mfc1    2.317460 0.000000 0.539683 4.354497 1.238095 
 Mfc2    2.179894 0.539683 0.000000 4.195767 1.121693 
 Compar  3.507936 4.354497 4.195767 0.000000 4.153439 
 Ppmz    1.968254 1.238095 1.121693 4.153439 0.000000 


new_compatibilityTable_LtoL
          7Zip     Mfc1     Mfc2     Compar   Ppmz    
 7Zip    0.000000 0.144841 0.136243 0.219246 0.123016 
 Mfc1    0.144841 0.000000 0.033730 0.272156 0.077381 
 Mfc2    0.136243 0.033730 0.000000 0.262235 0.070106 
 Compar  0.219246 0.272156 0.262235 0.000000 0.259590 
 Ppmz    0.123016 0.077381 0.070106 0.259590 0.000000 


