compatibilityTable_LtoL
          7Zip     Mfc1     Mfc2     Compar   Ppmz    
 7Zip    0.000000 2.346821 2.208092 3.543353 2.057803 
 Mfc1    2.346821 0.000000 0.543353 4.410405 1.213873 
 Mfc2    2.208092 0.543353 0.000000 4.260116 1.098266 
 Compar  3.543353 4.410405 4.260116 0.000000 4.236994 
 Ppmz    2.057803 1.213873 1.098266 4.236994 0.000000 


new_compatibilityTable_LtoL
          7Zip     Mfc1     Mfc2     Compar   Ppmz    
 7Zip    0.000000 0.146676 0.138006 0.221460 0.128613 
 Mfc1    0.146676 0.000000 0.033960 0.275650 0.075867 
 Mfc2    0.138006 0.033960 0.000000 0.266257 0.068642 
 Compar  0.221460 0.275650 0.266257 0.000000 0.264812 
 Ppmz    0.128613 0.075867 0.068642 0.264812 0.000000 


