compatibilityTable_LtoL
          7Zip     Mfc1     Mfc2     Compar   Ppmz    
 7Zip    0.000000 2.510791 2.446043 4.071942 2.323741 
 Mfc1    2.510791 0.000000 0.575540 4.690648 1.294964 
 Mfc2    2.446043 0.575540 0.000000 4.568346 1.215827 
 Compar  4.071942 4.690648 4.568346 0.000000 4.589928 
 Ppmz    2.323741 1.294964 1.215827 4.589928 0.000000 


new_compatibilityTable_LtoL
          7Zip     Mfc1     Mfc2     Compar   Ppmz    
 7Zip    0.000000 0.156924 0.152878 0.254496 0.145234 
 Mfc1    0.156924 0.000000 0.035971 0.293165 0.080935 
 Mfc2    0.152878 0.035971 0.000000 0.285522 0.075989 
 Compar  0.254496 0.293165 0.285522 0.000000 0.286871 
 Ppmz    0.145234 0.080935 0.075989 0.286871 0.000000 


