compatibilityTable_LtoL
          7Zip     Mfc1     Mfc2     Compar   Ppmz    
 7Zip    0.000000 2.302083 2.177083 3.500000 1.947917 
 Mfc1    2.302083 0.000000 0.541667 4.333333 1.229167 
 Mfc2    2.177083 0.541667 0.000000 4.187500 1.125000 
 Compar  3.500000 4.333333 4.187500 0.000000 4.125000 
 Ppmz    1.947917 1.229167 1.125000 4.125000 0.000000 


new_compatibilityTable_LtoL
          7Zip     Mfc1     Mfc2     Compar   Ppmz    
 7Zip    0.000000 0.143880 0.136068 0.218750 0.121745 
 Mfc1    0.143880 0.000000 0.033854 0.270833 0.076823 
 Mfc2    0.136068 0.033854 0.000000 0.261719 0.070312 
 Compar  0.218750 0.270833 0.261719 0.000000 0.257812 
 Ppmz    0.121745 0.076823 0.070312 0.257812 0.000000 


