compatibilityTable_LtoL
          7Zip     Mfc1     Mfc2     Compar   Ppmz    
 7Zip    0.000000 2.492857 2.428571 4.057143 2.314286 
 Mfc1    2.492857 0.000000 0.571429 4.671429 1.292857 
 Mfc2    2.428571 0.571429 0.000000 4.550000 1.214286 
 Compar  4.057143 4.671429 4.550000 0.000000 4.578571 
 Ppmz    2.314286 1.292857 1.214286 4.578571 0.000000 


new_compatibilityTable_LtoL
          7Zip     Mfc1     Mfc2     Compar   Ppmz    
 7Zip    0.000000 0.155804 0.151786 0.253571 0.144643 
 Mfc1    0.155804 0.000000 0.035714 0.291964 0.080804 
 Mfc2    0.151786 0.035714 0.000000 0.284375 0.075893 
 Compar  0.253571 0.291964 0.284375 0.000000 0.286161 
 Ppmz    0.144643 0.080804 0.075893 0.286161 0.000000 


