compatibilityTable_LtoL
          7Zip     Mfc1     Mfc2     Compar   Ppmz    
 7Zip    0.000000 2.205128 2.128205 3.051282 2.102564 
 Mfc1    2.205128 0.000000 0.743590 3.564103 1.282051 
 Mfc2    2.128205 0.743590 0.000000 3.512820 1.358974 
 Compar  3.051282 3.564103 3.512820 0.000000 3.641026 
 Ppmz    2.102564 1.282051 1.358974 3.641026 0.000000 


new_compatibilityTable_LtoL
          7Zip     Mfc1     Mfc2     Compar   Ppmz    
 7Zip    0.000000 0.137821 0.133013 0.190705 0.131410 
 Mfc1    0.137821 0.000000 0.046474 0.222756 0.080128 
 Mfc2    0.133013 0.046474 0.000000 0.219551 0.084936 
 Compar  0.190705 0.222756 0.219551 0.000000 0.227564 
 Ppmz    0.131410 0.080128 0.084936 0.227564 0.000000 


