compatibilityTable_LtoL
          7Zip     Mfc1     Mfc2     Compar   Ppmz    
 7Zip    0.000000 2.614035 2.456140 3.228070 2.350877 
 Mfc1    2.614035 0.000000 0.649123 4.210526 1.385965 
 Mfc2    2.456140 0.649123 0.000000 4.070176 1.298246 
 Compar  3.228070 4.210526 4.070176 0.000000 4.122807 
 Ppmz    2.350877 1.385965 1.298246 4.122807 0.000000 


new_compatibilityTable_LtoL
          7Zip     Mfc1     Mfc2     Compar   Ppmz    
 7Zip    0.000000 0.163377 0.153509 0.201754 0.146930 
 Mfc1    0.163377 0.000000 0.040570 0.263158 0.086623 
 Mfc2    0.153509 0.040570 0.000000 0.254386 0.081140 
 Compar  0.201754 0.263158 0.254386 0.000000 0.257675 
 Ppmz    0.146930 0.086623 0.081140 0.257675 0.000000 


