compatibilityTable_LtoL
          7Zip     Mfc1     Mfc2     Compar   Ppmz    
 7Zip    0.000000 2.334975 2.226601 3.620690 2.049261 
 Mfc1    2.334975 0.000000 0.532020 4.418719 1.231527 
 Mfc2    2.226601 0.532020 0.000000 4.280788 1.113300 
 Compar  3.620690 4.418719 4.280788 0.000000 4.241379 
 Ppmz    2.049261 1.231527 1.113300 4.241379 0.000000 


new_compatibilityTable_LtoL
          7Zip     Mfc1     Mfc2     Compar   Ppmz    
 7Zip    0.000000 0.145936 0.139163 0.226293 0.128079 
 Mfc1    0.145936 0.000000 0.033251 0.276170 0.076970 
 Mfc2    0.139163 0.033251 0.000000 0.267549 0.069581 
 Compar  0.226293 0.276170 0.267549 0.000000 0.265086 
 Ppmz    0.128079 0.076970 0.069581 0.265086 0.000000 


