compatibilityTable_LtoL
          7Zip     Mfc1     Mfc2     Compar   Ppmz    
 7Zip    0.000000 3.000000 2.857143 2.857143 2.142857 
 Mfc1    3.000000 0.000000 1.142857 4.142857 1.571429 
 Mfc2    2.857143 1.142857 0.000000 3.857143 1.428571 
 Compar  2.857143 4.142857 3.857143 0.000000 3.714286 
 Ppmz    2.142857 1.571429 1.428571 3.714286 0.000000 


new_compatibilityTable_LtoL
          7Zip     Mfc1     Mfc2     Compar   Ppmz    
 7Zip    0.000000 0.187500 0.178571 0.178571 0.133929 
 Mfc1    0.187500 0.000000 0.071429 0.258929 0.098214 
 Mfc2    0.178571 0.071429 0.000000 0.241071 0.089286 
 Compar  0.178571 0.258929 0.241071 0.000000 0.232143 
 Ppmz    0.133929 0.098214 0.089286 0.232143 0.000000 


