compatibilityTable_LtoL
          7Zip     Mfc1     Mfc2     Compar   Ppmz    
 7Zip    0.000000 2.422360 2.285714 3.596273 2.149068 
 Mfc1    2.422360 0.000000 0.571429 4.453416 1.242236 
 Mfc2    2.285714 0.571429 0.000000 4.304348 1.130435 
 Compar  3.596273 4.453416 4.304348 0.000000 4.316770 
 Ppmz    2.149068 1.242236 1.130435 4.316770 0.000000 


new_compatibilityTable_LtoL
          7Zip     Mfc1     Mfc2     Compar   Ppmz    
 7Zip    0.000000 0.151398 0.142857 0.224767 0.134317 
 Mfc1    0.151398 0.000000 0.035714 0.278339 0.077640 
 Mfc2    0.142857 0.035714 0.000000 0.269022 0.070652 
 Compar  0.224767 0.278339 0.269022 0.000000 0.269798 
 Ppmz    0.134317 0.077640 0.070652 0.269798 0.000000 


