compatibilityTable_LtoL
          7Zip     Mfc1     Mfc2     Compar   Ppmz    
 7Zip    0.000000 1.733333 1.633333 2.766667 1.566667 
 Mfc1    1.733333 0.000000 0.666667 3.033333 1.066667 
 Mfc2    1.633333 0.666667 0.000000 2.966667 1.100000 
 Compar  2.766667 3.033333 2.966667 0.000000 3.000000 
 Ppmz    1.566667 1.066667 1.100000 3.000000 0.000000 


new_compatibilityTable_LtoL
          7Zip     Mfc1     Mfc2     Compar   Ppmz    
 7Zip    0.000000 0.108333 0.102083 0.172917 0.097917 
 Mfc1    0.108333 0.000000 0.041667 0.189583 0.066667 
 Mfc2    0.102083 0.041667 0.000000 0.185417 0.068750 
 Compar  0.172917 0.189583 0.185417 0.000000 0.187500 
 Ppmz    0.097917 0.066667 0.068750 0.187500 0.000000 


