compatibilityTable_LtoL
          7Zip     Mfc1     Mfc2     Compar   Ppmz    
 7Zip    0.000000 3.428571 3.428571 3.285714 2.571429 
 Mfc1    3.428571 0.000000 0.857143 4.714286 1.142857 
 Mfc2    3.428571 0.857143 0.000000 4.714286 0.857143 
 Compar  3.285714 4.714286 4.714286 0.000000 3.857143 
 Ppmz    2.571429 1.142857 0.857143 3.857143 0.000000 


new_compatibilityTable_LtoL
          7Zip     Mfc1     Mfc2     Compar   Ppmz    
 7Zip    0.000000 0.214286 0.214286 0.205357 0.160714 
 Mfc1    0.214286 0.000000 0.053571 0.294643 0.071429 
 Mfc2    0.214286 0.053571 0.000000 0.294643 0.053571 
 Compar  0.205357 0.294643 0.294643 0.000000 0.241071 
 Ppmz    0.160714 0.071429 0.053571 0.241071 0.000000 


