compatibilityTable_LtoL
          7Zip     Mfc1     Mfc2     Compar   Ppmz    
 7Zip    0.000000 2.426117 2.364261 4.003437 2.261168 
 Mfc1    2.426117 0.000000 0.549828 4.587629 1.264605 
 Mfc2    2.364261 0.549828 0.000000 4.470790 1.189003 
 Compar  4.003437 4.587629 4.470790 0.000000 4.505155 
 Ppmz    2.261168 1.264605 1.189003 4.505155 0.000000 


new_compatibilityTable_LtoL
          7Zip     Mfc1     Mfc2     Compar   Ppmz    
 7Zip    0.000000 0.151632 0.147766 0.250215 0.141323 
 Mfc1    0.151632 0.000000 0.034364 0.286727 0.079038 
 Mfc2    0.147766 0.034364 0.000000 0.279424 0.074313 
 Compar  0.250215 0.286727 0.279424 0.000000 0.281572 
 Ppmz    0.141323 0.079038 0.074313 0.281572 0.000000 


