compatibilityTable_LtoL
          7Zip     Mfc1     Mfc2     Compar   Ppmz    
 7Zip    0.000000 2.467742 2.322581 3.241935 2.209677 
 Mfc1    2.467742 0.000000 0.596774 4.161290 1.322581 
 Mfc2    2.322581 0.596774 0.000000 4.032258 1.241935 
 Compar  3.241935 4.161290 4.032258 0.000000 4.032258 
 Ppmz    2.209677 1.322581 1.241935 4.032258 0.000000 


new_compatibilityTable_LtoL
          7Zip     Mfc1     Mfc2     Compar   Ppmz    
 7Zip    0.000000 0.154234 0.145161 0.202621 0.138105 
 Mfc1    0.154234 0.000000 0.037298 0.260081 0.082661 
 Mfc2    0.145161 0.037298 0.000000 0.252016 0.077621 
 Compar  0.202621 0.260081 0.252016 0.000000 0.252016 
 Ppmz    0.138105 0.082661 0.077621 0.252016 0.000000 


