compatibilityTable_LtoL
          7Zip     Mfc1     Mfc2     Compar   Ppmz    
 7Zip    0.000000 2.601770 2.442478 3.247788 2.336283 
 Mfc1    2.601770 0.000000 0.654867 4.203540 1.398230 
 Mfc2    2.442478 0.654867 0.000000 4.061947 1.309734 
 Compar  3.247788 4.203540 4.061947 0.000000 4.115044 
 Ppmz    2.336283 1.398230 1.309734 4.115044 0.000000 


new_compatibilityTable_LtoL
          7Zip     Mfc1     Mfc2     Compar   Ppmz    
 7Zip    0.000000 0.162611 0.152655 0.202987 0.146018 
 Mfc1    0.162611 0.000000 0.040929 0.262721 0.087389 
 Mfc2    0.152655 0.040929 0.000000 0.253872 0.081858 
 Compar  0.202987 0.262721 0.253872 0.000000 0.257190 
 Ppmz    0.146018 0.087389 0.081858 0.257190 0.000000 


