compatibilityTable_LtoL
          7Zip     Mfc1     Mfc2     Compar   Ppmz    
 7Zip    0.000000 2.392857 2.261905 3.619048 2.119048 
 Mfc1    2.392857 0.000000 0.547619 4.488095 1.226190 
 Mfc2    2.261905 0.547619 0.000000 4.345238 1.119048 
 Compar  3.619048 4.488095 4.345238 0.000000 4.333333 
 Ppmz    2.119048 1.226190 1.119048 4.333333 0.000000 


new_compatibilityTable_LtoL
          7Zip     Mfc1     Mfc2     Compar   Ppmz    
 7Zip    0.000000 0.149554 0.141369 0.226190 0.132440 
 Mfc1    0.149554 0.000000 0.034226 0.280506 0.076637 
 Mfc2    0.141369 0.034226 0.000000 0.271577 0.069940 
 Compar  0.226190 0.280506 0.271577 0.000000 0.270833 
 Ppmz    0.132440 0.076637 0.069940 0.270833 0.000000 


