compatibilityTable_LtoL
          7Zip     Mfc1     Mfc2     Compar   Ppmz    
 7Zip    0.000000 2.559322 2.406780 3.220339 2.271186 
 Mfc1    2.559322 0.000000 0.627119 4.203390 1.372881 
 Mfc2    2.406780 0.627119 0.000000 4.067797 1.288136 
 Compar  3.220339 4.203390 4.067797 0.000000 4.084746 
 Ppmz    2.271186 1.372881 1.288136 4.084746 0.000000 


new_compatibilityTable_LtoL
          7Zip     Mfc1     Mfc2     Compar   Ppmz    
 7Zip    0.000000 0.159958 0.150424 0.201271 0.141949 
 Mfc1    0.159958 0.000000 0.039195 0.262712 0.085805 
 Mfc2    0.150424 0.039195 0.000000 0.254237 0.080508 
 Compar  0.201271 0.262712 0.254237 0.000000 0.255297 
 Ppmz    0.141949 0.085805 0.080508 0.255297 0.000000 


