compatibilityTable_LtoL
          7Zip     Mfc1     Mfc2     Compar   Ppmz    
 7Zip    0.000000 2.195652 2.108696 3.304348 2.065217 
 Mfc1    2.195652 0.000000 0.652174 3.826087 1.326087 
 Mfc2    2.108696 0.652174 0.000000 3.760870 1.369565 
 Compar  3.304348 3.826087 3.760870 0.000000 3.891304 
 Ppmz    2.065217 1.326087 1.369565 3.891304 0.000000 


new_compatibilityTable_LtoL
          7Zip     Mfc1     Mfc2     Compar   Ppmz    
 7Zip    0.000000 0.137228 0.131793 0.206522 0.129076 
 Mfc1    0.137228 0.000000 0.040761 0.239130 0.082880 
 Mfc2    0.131793 0.040761 0.000000 0.235054 0.085598 
 Compar  0.206522 0.239130 0.235054 0.000000 0.243207 
 Ppmz    0.129076 0.082880 0.085598 0.243207 0.000000 


