compatibilityTable_LtoL
          7Zip     Mfc1     Mfc2     Compar   Ppmz    
 7Zip    0.000000 2.117647 2.000000 2.705882 1.823529 
 Mfc1    2.117647 0.000000 0.705882 3.294118 1.352941 
 Mfc2    2.000000 0.705882 0.000000 3.117647 1.352941 
 Compar  2.705882 3.294118 3.117647 0.000000 3.176471 
 Ppmz    1.823529 1.352941 1.352941 3.176471 0.000000 


new_compatibilityTable_LtoL
          7Zip     Mfc1     Mfc2     Compar   Ppmz    
 7Zip    0.000000 0.132353 0.125000 0.169118 0.113971 
 Mfc1    0.132353 0.000000 0.044118 0.205882 0.084559 
 Mfc2    0.125000 0.044118 0.000000 0.194853 0.084559 
 Compar  0.169118 0.205882 0.194853 0.000000 0.198529 
 Ppmz    0.113971 0.084559 0.084559 0.198529 0.000000 


