compatibilityTable_LtoL
          7Zip     Mfc1     Mfc2     Compar   Ppmz    
 7Zip    0.000000 2.216216 2.135135 3.108108 2.108108 
 Mfc1    2.216216 0.000000 0.756757 3.594594 1.243243 
 Mfc2    2.135135 0.756757 0.000000 3.513514 1.351351 
 Compar  3.108108 3.594594 3.513514 0.000000 3.621622 
 Ppmz    2.108108 1.243243 1.351351 3.621622 0.000000 


new_compatibilityTable_LtoL
          7Zip     Mfc1     Mfc2     Compar   Ppmz    
 7Zip    0.000000 0.138514 0.133446 0.194257 0.131757 
 Mfc1    0.138514 0.000000 0.047297 0.224662 0.077703 
 Mfc2    0.133446 0.047297 0.000000 0.219595 0.084459 
 Compar  0.194257 0.224662 0.219595 0.000000 0.226351 
 Ppmz    0.131757 0.077703 0.084459 0.226351 0.000000 


