compatibilityTable_LtoL
          7Zip     Mfc1     Mfc2     Compar   Ppmz    
 7Zip    0.000000 2.500000 2.425926 3.222222 2.296296 
 Mfc1    2.500000 0.000000 0.574074 4.129630 1.314815 
 Mfc2    2.425926 0.574074 0.000000 4.074074 1.333333 
 Compar  3.222222 4.129630 4.074074 0.000000 4.111111 
 Ppmz    2.296296 1.314815 1.333333 4.111111 0.000000 


new_compatibilityTable_LtoL
          7Zip     Mfc1     Mfc2     Compar   Ppmz    
 7Zip    0.000000 0.156250 0.151620 0.201389 0.143519 
 Mfc1    0.156250 0.000000 0.035880 0.258102 0.082176 
 Mfc2    0.151620 0.035880 0.000000 0.254630 0.083333 
 Compar  0.201389 0.258102 0.254630 0.000000 0.256944 
 Ppmz    0.143519 0.082176 0.083333 0.256944 0.000000 


