compatibilityTable_LtoL
          7Zip     Mfc1     Mfc2     Compar   Ppmz    
 7Zip    0.000000 2.338983 2.203390 3.553672 2.033898 
 Mfc1    2.338983 0.000000 0.531073 4.412429 1.220339 
 Mfc2    2.203390 0.531073 0.000000 4.265537 1.107345 
 Compar  3.553672 4.412429 4.265537 0.000000 4.231638 
 Ppmz    2.033898 1.220339 1.107345 4.231638 0.000000 


new_compatibilityTable_LtoL
          7Zip     Mfc1     Mfc2     Compar   Ppmz    
 7Zip    0.000000 0.146186 0.137712 0.222105 0.127119 
 Mfc1    0.146186 0.000000 0.033192 0.275777 0.076271 
 Mfc2    0.137712 0.033192 0.000000 0.266596 0.069209 
 Compar  0.222105 0.275777 0.266596 0.000000 0.264477 
 Ppmz    0.127119 0.076271 0.069209 0.264477 0.000000 


