compatibilityTable_LtoL
          7Zip     Mfc1     Mfc2     Compar   Ppmz    
 7Zip    0.000000 2.607143 2.446429 3.267857 2.339286 
 Mfc1    2.607143 0.000000 0.660714 4.214286 1.410714 
 Mfc2    2.446429 0.660714 0.000000 4.071429 1.321429 
 Compar  3.267857 4.214286 4.071429 0.000000 4.125000 
 Ppmz    2.339286 1.410714 1.321429 4.125000 0.000000 


new_compatibilityTable_LtoL
          7Zip     Mfc1     Mfc2     Compar   Ppmz    
 7Zip    0.000000 0.162946 0.152902 0.204241 0.146205 
 Mfc1    0.162946 0.000000 0.041295 0.263393 0.088170 
 Mfc2    0.152902 0.041295 0.000000 0.254464 0.082589 
 Compar  0.204241 0.263393 0.254464 0.000000 0.257812 
 Ppmz    0.146205 0.088170 0.082589 0.257812 0.000000 


