compatibilityTable_LtoL
          7Zip     Mfc1     Mfc2     Compar   Ppmz    
 7Zip    0.000000 2.397306 2.329966 3.962963 2.222222 
 Mfc1    2.397306 0.000000 0.545455 4.555555 1.252525 
 Mfc2    2.329966 0.545455 0.000000 4.434343 1.185185 
 Compar  3.962963 4.555555 4.434343 0.000000 4.461279 
 Ppmz    2.222222 1.252525 1.185185 4.461279 0.000000 


new_compatibilityTable_LtoL
          7Zip     Mfc1     Mfc2     Compar   Ppmz    
 7Zip    0.000000 0.149832 0.145623 0.247685 0.138889 
 Mfc1    0.149832 0.000000 0.034091 0.284722 0.078283 
 Mfc2    0.145623 0.034091 0.000000 0.277146 0.074074 
 Compar  0.247685 0.284722 0.277146 0.000000 0.278830 
 Ppmz    0.138889 0.078283 0.074074 0.278830 0.000000 


