compatibilityTable_LtoL
          7Zip     Mfc1     Mfc2     Compar   Ppmz    
 7Zip    0.000000 2.115942 2.000000 3.057971 1.942029 
 Mfc1    2.115942 0.000000 0.782609 3.521739 1.217391 
 Mfc2    2.000000 0.782609 0.000000 3.405797 1.304348 
 Compar  3.057971 3.521739 3.405797 0.000000 3.434783 
 Ppmz    1.942029 1.217391 1.304348 3.434783 0.000000 


new_compatibilityTable_LtoL
          7Zip     Mfc1     Mfc2     Compar   Ppmz    
 7Zip    0.000000 0.132246 0.125000 0.191123 0.121377 
 Mfc1    0.132246 0.000000 0.048913 0.220109 0.076087 
 Mfc2    0.125000 0.048913 0.000000 0.212862 0.081522 
 Compar  0.191123 0.220109 0.212862 0.000000 0.214674 
 Ppmz    0.121377 0.076087 0.081522 0.214674 0.000000 


