compatibilityTable_LtoL
          7Zip     Mfc1     Mfc2     Compar   Ppmz    
 7Zip    0.000000 2.315789 2.178947 3.526316 1.968421 
 Mfc1    2.315789 0.000000 0.536842 4.357895 1.231579 
 Mfc2    2.178947 0.536842 0.000000 4.200000 1.115790 
 Compar  3.526316 4.357895 4.200000 0.000000 4.157895 
 Ppmz    1.968421 1.231579 1.115790 4.157895 0.000000 


new_compatibilityTable_LtoL
          7Zip     Mfc1     Mfc2     Compar   Ppmz    
 7Zip    0.000000 0.144737 0.136184 0.220395 0.123026 
 Mfc1    0.144737 0.000000 0.033553 0.272368 0.076974 
 Mfc2    0.136184 0.033553 0.000000 0.262500 0.069737 
 Compar  0.220395 0.272368 0.262500 0.000000 0.259868 
 Ppmz    0.123026 0.076974 0.069737 0.259868 0.000000 


