compatibilityTable_LtoL
          7Zip     Mfc1     Mfc2     Compar   Ppmz    
 7Zip    0.000000 2.191781 2.109589 3.082192 2.082192 
 Mfc1    2.191781 0.000000 0.767123 3.630137 1.260274 
 Mfc2    2.109589 0.767123 0.000000 3.547945 1.369863 
 Compar  3.082192 3.630137 3.547945 0.000000 3.657534 
 Ppmz    2.082192 1.260274 1.369863 3.657534 0.000000 


new_compatibilityTable_LtoL
          7Zip     Mfc1     Mfc2     Compar   Ppmz    
 7Zip    0.000000 0.136986 0.131849 0.192637 0.130137 
 Mfc1    0.136986 0.000000 0.047945 0.226884 0.078767 
 Mfc2    0.131849 0.047945 0.000000 0.221747 0.085616 
 Compar  0.192637 0.226884 0.221747 0.000000 0.228596 
 Ppmz    0.130137 0.078767 0.085616 0.228596 0.000000 


