compatibilityTable_LtoL
          7Zip     Mfc1     Mfc2     Compar   Ppmz    
 7Zip    0.000000 2.277778 2.175926 3.601852 2.027778 
 Mfc1    2.277778 0.000000 0.500000 4.416667 1.194444 
 Mfc2    2.175926 0.500000 0.000000 4.287037 1.083333 
 Compar  3.601852 4.416667 4.287037 0.000000 4.231482 
 Ppmz    2.027778 1.194444 1.083333 4.231482 0.000000 


new_compatibilityTable_LtoL
          7Zip     Mfc1     Mfc2     Compar   Ppmz    
 7Zip    0.000000 0.142361 0.135995 0.225116 0.126736 
 Mfc1    0.142361 0.000000 0.031250 0.276042 0.074653 
 Mfc2    0.135995 0.031250 0.000000 0.267940 0.067708 
 Compar  0.225116 0.276042 0.267940 0.000000 0.264468 
 Ppmz    0.126736 0.074653 0.067708 0.264468 0.000000 


