compatibilityTable_LtoL
          7Zip     Mfc1     Mfc2     Compar   Ppmz    
 7Zip    0.000000 2.615385 2.461539 2.769231 2.153846 
 Mfc1    2.615385 0.000000 0.923077 3.692308 1.692308 
 Mfc2    2.461539 0.923077 0.000000 3.461539 1.692308 
 Compar  2.769231 3.692308 3.461539 0.000000 3.615385 
 Ppmz    2.153846 1.692308 1.692308 3.615385 0.000000 


new_compatibilityTable_LtoL
          7Zip     Mfc1     Mfc2     Compar   Ppmz    
 7Zip    0.000000 0.163462 0.153846 0.173077 0.134615 
 Mfc1    0.163462 0.000000 0.057692 0.230769 0.105769 
 Mfc2    0.153846 0.057692 0.000000 0.216346 0.105769 
 Compar  0.173077 0.230769 0.216346 0.000000 0.225962 
 Ppmz    0.134615 0.105769 0.105769 0.225962 0.000000 


