compatibilityTable_LtoL
          7Zip     Mfc1     Mfc2     Compar   Ppmz    
 7Zip    0.000000 2.052632 1.947368 2.842105 1.842105 
 Mfc1    2.052632 0.000000 0.631579 3.315789 1.263158 
 Mfc2    1.947368 0.631579 0.000000 3.157895 1.263158 
 Compar  2.842105 3.315789 3.157895 0.000000 3.210526 
 Ppmz    1.842105 1.263158 1.263158 3.210526 0.000000 


new_compatibilityTable_LtoL
          7Zip     Mfc1     Mfc2     Compar   Ppmz    
 7Zip    0.000000 0.128289 0.121711 0.177632 0.115132 
 Mfc1    0.128289 0.000000 0.039474 0.207237 0.078947 
 Mfc2    0.121711 0.039474 0.000000 0.197368 0.078947 
 Compar  0.177632 0.207237 0.197368 0.000000 0.200658 
 Ppmz    0.115132 0.078947 0.078947 0.200658 0.000000 


