compatibilityTable_LtoL
          7Zip     Mfc1     Mfc2     Compar   Ppmz    
 7Zip    0.000000 2.030303 1.909091 2.848485 1.818182 
 Mfc1    2.030303 0.000000 0.757576 3.303030 1.090909 
 Mfc2    1.909091 0.757576 0.000000 3.181818 1.181818 
 Compar  2.848485 3.303030 3.181818 0.000000 3.242424 
 Ppmz    1.818182 1.090909 1.181818 3.242424 0.000000 


new_compatibilityTable_LtoL
          7Zip     Mfc1     Mfc2     Compar   Ppmz    
 7Zip    0.000000 0.126894 0.119318 0.178030 0.113636 
 Mfc1    0.126894 0.000000 0.047348 0.206439 0.068182 
 Mfc2    0.119318 0.047348 0.000000 0.198864 0.073864 
 Compar  0.178030 0.206439 0.198864 0.000000 0.202652 
 Ppmz    0.113636 0.068182 0.073864 0.202652 0.000000 


