compatibilityTable_LtoL
          7Zip     Mfc1     Mfc2     Compar   Ppmz    
 7Zip    0.000000 2.281818 2.181818 3.672727 2.036364 
 Mfc1    2.281818 0.000000 0.490909 4.445455 1.172727 
 Mfc2    2.181818 0.490909 0.000000 4.318182 1.063636 
 Compar  3.672727 4.445455 4.318182 0.000000 4.263637 
 Ppmz    2.036364 1.172727 1.063636 4.263637 0.000000 


new_compatibilityTable_LtoL
          7Zip     Mfc1     Mfc2     Compar   Ppmz    
 7Zip    0.000000 0.142614 0.136364 0.229545 0.127273 
 Mfc1    0.142614 0.000000 0.030682 0.277841 0.073295 
 Mfc2    0.136364 0.030682 0.000000 0.269886 0.066477 
 Compar  0.229545 0.277841 0.269886 0.000000 0.266477 
 Ppmz    0.127273 0.073295 0.066477 0.266477 0.000000 


