compatibilityTable_LtoL
          7Zip     Mfc1     Mfc2     Compar   Ppmz    
 7Zip    0.000000 2.250000 2.125000 2.812500 1.937500 
 Mfc1    2.250000 0.000000 0.750000 3.437500 1.437500 
 Mfc2    2.125000 0.750000 0.000000 3.250000 1.437500 
 Compar  2.812500 3.437500 3.250000 0.000000 3.312500 
 Ppmz    1.937500 1.437500 1.437500 3.312500 0.000000 


new_compatibilityTable_LtoL
          7Zip     Mfc1     Mfc2     Compar   Ppmz    
 7Zip    0.000000 0.140625 0.132812 0.175781 0.121094 
 Mfc1    0.140625 0.000000 0.046875 0.214844 0.089844 
 Mfc2    0.132812 0.046875 0.000000 0.203125 0.089844 
 Compar  0.175781 0.214844 0.203125 0.000000 0.207031 
 Ppmz    0.121094 0.089844 0.089844 0.207031 0.000000 


