compatibilityTable_LtoL
          7Zip     Mfc1     Mfc2     Compar   Ppmz    
 7Zip    0.000000 2.319149 2.180851 3.521277 1.957447 
 Mfc1    2.319149 0.000000 0.542553 4.361702 1.234043 
 Mfc2    2.180851 0.542553 0.000000 4.202127 1.117021 
 Compar  3.521277 4.361702 4.202127 0.000000 4.148936 
 Ppmz    1.957447 1.234043 1.117021 4.148936 0.000000 


new_compatibilityTable_LtoL
          7Zip     Mfc1     Mfc2     Compar   Ppmz    
 7Zip    0.000000 0.144947 0.136303 0.220080 0.122340 
 Mfc1    0.144947 0.000000 0.033910 0.272606 0.077128 
 Mfc2    0.136303 0.033910 0.000000 0.262633 0.069814 
 Compar  0.220080 0.272606 0.262633 0.000000 0.259309 
 Ppmz    0.122340 0.077128 0.069814 0.259309 0.000000 


