compatibilityTable_LtoL
          7Zip     Mfc1     Mfc2     Compar   Ppmz    
 7Zip    0.000000 2.447552 2.384615 4.006993 2.279720 
 Mfc1    2.447552 0.000000 0.559441 4.601398 1.272727 
 Mfc2    2.384615 0.559441 0.000000 4.482518 1.195804 
 Compar  4.006993 4.601398 4.482518 0.000000 4.517482 
 Ppmz    2.279720 1.272727 1.195804 4.517482 0.000000 


new_compatibilityTable_LtoL
          7Zip     Mfc1     Mfc2     Compar   Ppmz    
 7Zip    0.000000 0.152972 0.149038 0.250437 0.142483 
 Mfc1    0.152972 0.000000 0.034965 0.287587 0.079545 
 Mfc2    0.149038 0.034965 0.000000 0.280157 0.074738 
 Compar  0.250437 0.287587 0.280157 0.000000 0.282343 
 Ppmz    0.142483 0.079545 0.074738 0.282343 0.000000 


