compatibilityTable_LtoL
          7Zip     Mfc1     Mfc2     Compar   Ppmz    
 7Zip    0.000000 2.374269 2.233918 3.573099 2.081871 
 Mfc1    2.374269 0.000000 0.549708 4.450293 1.228070 
 Mfc2    2.233918 0.549708 0.000000 4.298245 1.111111 
 Compar  3.573099 4.450293 4.298245 0.000000 4.274854 
 Ppmz    2.081871 1.228070 1.111111 4.274854 0.000000 


new_compatibilityTable_LtoL
          7Zip     Mfc1     Mfc2     Compar   Ppmz    
 7Zip    0.000000 0.148392 0.139620 0.223319 0.130117 
 Mfc1    0.148392 0.000000 0.034357 0.278143 0.076754 
 Mfc2    0.139620 0.034357 0.000000 0.268640 0.069444 
 Compar  0.223319 0.278143 0.268640 0.000000 0.267178 
 Ppmz    0.130117 0.076754 0.069444 0.267178 0.000000 


