compatibilityTable_LtoL
          7Zip     Mfc1     Mfc2     Compar   Ppmz    
 7Zip    0.000000 2.556452 2.475806 4.048387 2.306452 
 Mfc1    2.556452 0.000000 0.588710 4.782258 1.306452 
 Mfc2    2.475806 0.588710 0.000000 4.645161 1.217742 
 Compar  4.048387 4.782258 4.645161 0.000000 4.677419 
 Ppmz    2.306452 1.306452 1.217742 4.677419 0.000000 


new_compatibilityTable_LtoL
          7Zip     Mfc1     Mfc2     Compar   Ppmz    
 7Zip    0.000000 0.159778 0.154738 0.253024 0.144153 
 Mfc1    0.159778 0.000000 0.036794 0.298891 0.081653 
 Mfc2    0.154738 0.036794 0.000000 0.290323 0.076109 
 Compar  0.253024 0.298891 0.290323 0.000000 0.292339 
 Ppmz    0.144153 0.081653 0.076109 0.292339 0.000000 


