compatibilityTable_LtoL
          7Zip     Mfc1     Mfc2     Compar   Ppmz    
 7Zip    0.000000 2.323404 2.229787 3.757447 2.093617 
 Mfc1    2.323404 0.000000 0.519149 4.514894 1.234043 
 Mfc2    2.229787 0.519149 0.000000 4.378724 1.140426 
 Compar  3.757447 4.514894 4.378724 0.000000 4.370213 
 Ppmz    2.093617 1.234043 1.140426 4.370213 0.000000 


new_compatibilityTable_LtoL
          7Zip     Mfc1     Mfc2     Compar   Ppmz    
 7Zip    0.000000 0.145213 0.139362 0.234840 0.130851 
 Mfc1    0.145213 0.000000 0.032447 0.282181 0.077128 
 Mfc2    0.139362 0.032447 0.000000 0.273670 0.071277 
 Compar  0.234840 0.282181 0.273670 0.000000 0.273138 
 Ppmz    0.130851 0.077128 0.071277 0.273138 0.000000 


