compatibilityTable_LtoL
          7Zip     Mfc1     Mfc2     Compar   Ppmz    
 7Zip    0.000000 2.051282 2.000000 2.846154 1.897436 
 Mfc1    2.051282 0.000000 0.717949 3.358974 1.282051 
 Mfc2    2.000000 0.717949 0.000000 3.205128 1.282051 
 Compar  2.846154 3.358974 3.205128 0.000000 3.256410 
 Ppmz    1.897436 1.282051 1.282051 3.256410 0.000000 


new_compatibilityTable_LtoL
          7Zip     Mfc1     Mfc2     Compar   Ppmz    
 7Zip    0.000000 0.128205 0.125000 0.177885 0.118590 
 Mfc1    0.128205 0.000000 0.044872 0.209936 0.080128 
 Mfc2    0.125000 0.044872 0.000000 0.200321 0.080128 
 Compar  0.177885 0.209936 0.200321 0.000000 0.203526 
 Ppmz    0.118590 0.080128 0.080128 0.203526 0.000000 


