compatibilityTable_LtoL
          7Zip     Mfc1     Mfc2     Compar   Ppmz    
 7Zip    0.000000 2.516556 2.397351 3.688742 2.238411 
 Mfc1    2.516556 0.000000 0.543046 4.562914 1.245033 
 Mfc2    2.397351 0.543046 0.000000 4.456954 1.178808 
 Compar  3.688742 4.562914 4.456954 0.000000 4.443708 
 Ppmz    2.238411 1.245033 1.178808 4.443708 0.000000 


new_compatibilityTable_LtoL
          7Zip     Mfc1     Mfc2     Compar   Ppmz    
 7Zip    0.000000 0.157285 0.149834 0.230546 0.139901 
 Mfc1    0.157285 0.000000 0.033940 0.285182 0.077815 
 Mfc2    0.149834 0.033940 0.000000 0.278560 0.073675 
 Compar  0.230546 0.285182 0.278560 0.000000 0.277732 
 Ppmz    0.139901 0.077815 0.073675 0.277732 0.000000 


