compatibilityTable_LtoL
          7Zip     Mfc1     Mfc2     Compar   Ppmz    
 7Zip    0.000000 3.200000 3.066667 3.000000 2.266667 
 Mfc1    3.200000 0.000000 1.333333 4.333333 1.600000 
 Mfc2    3.066667 1.333333 0.000000 4.066667 1.733333 
 Compar  3.000000 4.333333 4.066667 0.000000 3.800000 
 Ppmz    2.266667 1.600000 1.733333 3.800000 0.000000 


new_compatibilityTable_LtoL
          7Zip     Mfc1     Mfc2     Compar   Ppmz    
 7Zip    0.000000 0.200000 0.191667 0.187500 0.141667 
 Mfc1    0.200000 0.000000 0.083333 0.270833 0.100000 
 Mfc2    0.191667 0.083333 0.000000 0.254167 0.108333 
 Compar  0.187500 0.270833 0.254167 0.000000 0.237500 
 Ppmz    0.141667 0.100000 0.108333 0.237500 0.000000 


