compatibilityTable_LtoL
          7Zip     Mfc1     Mfc2     Compar   Ppmz    
 7Zip    0.000000 2.227273 1.863636 3.727273 1.818182 
 Mfc1    2.227273 0.000000 0.772727 4.363636 1.090909 
 Mfc2    1.863636 0.772727 0.000000 4.318182 0.772727 
 Compar  3.727273 4.363636 4.318182 0.000000 4.227273 
 Ppmz    1.818182 1.090909 0.772727 4.227273 0.000000 


new_compatibilityTable_LtoL
          7Zip     Mfc1     Mfc2     Compar   Ppmz    
 7Zip    0.000000 0.139205 0.116477 0.232955 0.113636 
 Mfc1    0.139205 0.000000 0.048295 0.272727 0.068182 
 Mfc2    0.116477 0.048295 0.000000 0.269886 0.048295 
 Compar  0.232955 0.272727 0.269886 0.000000 0.264205 
 Ppmz    0.113636 0.068182 0.048295 0.264205 0.000000 


