compatibilityTable_LtoL
          7Zip     Mfc1     Mfc2     Compar   Ppmz    
 7Zip    0.000000 2.523809 2.309524 3.619048 2.238095 
 Mfc1    2.523809 0.000000 0.738095 4.452381 1.023810 
 Mfc2    2.309524 0.738095 0.000000 4.476191 1.000000 
 Compar  3.619048 4.452381 4.476191 0.000000 4.404762 
 Ppmz    2.238095 1.023810 1.000000 4.404762 0.000000 


new_compatibilityTable_LtoL
          7Zip     Mfc1     Mfc2     Compar   Ppmz    
 7Zip    0.000000 0.157738 0.144345 0.226190 0.139881 
 Mfc1    0.157738 0.000000 0.046131 0.278274 0.063988 
 Mfc2    0.144345 0.046131 0.000000 0.279762 0.062500 
 Compar  0.226190 0.278274 0.279762 0.000000 0.275298 
 Ppmz    0.139881 0.063988 0.062500 0.275298 0.000000 


