compatibilityTable_LtoL
          7Zip     Mfc1     Mfc2     Compar   Ppmz    
 7Zip    0.000000 2.429319 2.261780 3.492146 2.125654 
 Mfc1    2.429319 0.000000 0.701571 4.361257 1.193717 
 Mfc2    2.261780 0.701571 0.000000 4.277487 1.068063 
 Compar  3.492146 4.361257 4.277487 0.000000 4.183246 
 Ppmz    2.125654 1.193717 1.068063 4.183246 0.000000 


new_compatibilityTable_LtoL
          7Zip     Mfc1     Mfc2     Compar   Ppmz    
 7Zip    0.000000 0.151832 0.141361 0.218259 0.132853 
 Mfc1    0.151832 0.000000 0.043848 0.272579 0.074607 
 Mfc2    0.141361 0.043848 0.000000 0.267343 0.066754 
 Compar  0.218259 0.272579 0.267343 0.000000 0.261453 
 Ppmz    0.132853 0.074607 0.066754 0.261453 0.000000 


