compatibilityTable_LtoL
          7Zip     Mfc1     Mfc2     Compar   Ppmz    
 7Zip    0.000000 2.363636 2.212121 3.464647 2.080808 
 Mfc1    2.363636 0.000000 0.686869 4.323232 1.161616 
 Mfc2    2.212121 0.686869 0.000000 4.242424 1.040404 
 Compar  3.464647 4.323232 4.242424 0.000000 4.141414 
 Ppmz    2.080808 1.161616 1.040404 4.141414 0.000000 


new_compatibilityTable_LtoL
          7Zip     Mfc1     Mfc2     Compar   Ppmz    
 7Zip    0.000000 0.147727 0.138258 0.216540 0.130051 
 Mfc1    0.147727 0.000000 0.042929 0.270202 0.072601 
 Mfc2    0.138258 0.042929 0.000000 0.265152 0.065025 
 Compar  0.216540 0.270202 0.265152 0.000000 0.258838 
 Ppmz    0.130051 0.072601 0.065025 0.258838 0.000000 


