compatibilityTable_LtoL
          7Zip     Mfc1     Mfc2     Compar   Ppmz    
 7Zip    0.000000 2.630137 2.383562 3.630137 2.246575 
 Mfc1    2.630137 0.000000 0.739726 4.479452 1.095890 
 Mfc2    2.383562 0.739726 0.000000 4.534246 1.013699 
 Compar  3.630137 4.479452 4.534246 0.000000 4.397260 
 Ppmz    2.246575 1.095890 1.013699 4.397260 0.000000 


new_compatibilityTable_LtoL
          7Zip     Mfc1     Mfc2     Compar   Ppmz    
 7Zip    0.000000 0.164384 0.148973 0.226884 0.140411 
 Mfc1    0.164384 0.000000 0.046233 0.279966 0.068493 
 Mfc2    0.148973 0.046233 0.000000 0.283390 0.063356 
 Compar  0.226884 0.279966 0.283390 0.000000 0.274829 
 Ppmz    0.140411 0.068493 0.063356 0.274829 0.000000 


