compatibilityTable_LtoL
          7Zip     Mfc1     Mfc2     Compar   Ppmz    
 7Zip    0.000000 2.336207 2.189655 3.577586 2.017241 
 Mfc1    2.336207 0.000000 0.715517 4.431035 1.224138 
 Mfc2    2.189655 0.715517 0.000000 4.336207 1.086207 
 Compar  3.577586 4.431035 4.336207 0.000000 4.232759 
 Ppmz    2.017241 1.224138 1.086207 4.232759 0.000000 


new_compatibilityTable_LtoL
          7Zip     Mfc1     Mfc2     Compar   Ppmz    
 7Zip    0.000000 0.146013 0.136853 0.223599 0.126078 
 Mfc1    0.146013 0.000000 0.044720 0.276940 0.076509 
 Mfc2    0.136853 0.044720 0.000000 0.271013 0.067888 
 Compar  0.223599 0.276940 0.271013 0.000000 0.264547 
 Ppmz    0.126078 0.076509 0.067888 0.264547 0.000000 


