compatibilityTable_LtoL
          7Zip     Mfc1     Mfc2     Compar   Ppmz    
 7Zip    0.000000 2.272727 2.015152 3.590909 1.878788 
 Mfc1    2.272727 0.000000 0.757576 4.454545 1.090909 
 Mfc2    2.015152 0.757576 0.000000 4.363636 0.924242 
 Compar  3.590909 4.454545 4.363636 0.000000 4.257576 
 Ppmz    1.878788 1.090909 0.924242 4.257576 0.000000 


new_compatibilityTable_LtoL
          7Zip     Mfc1     Mfc2     Compar   Ppmz    
 7Zip    0.000000 0.142045 0.125947 0.224432 0.117424 
 Mfc1    0.142045 0.000000 0.047348 0.278409 0.068182 
 Mfc2    0.125947 0.047348 0.000000 0.272727 0.057765 
 Compar  0.224432 0.278409 0.272727 0.000000 0.266098 
 Ppmz    0.117424 0.068182 0.057765 0.266098 0.000000 


