compatibilityTable_LtoL
          7Zip     Mfc1     Mfc2     Compar   Ppmz    
 7Zip    0.000000 2.448399 2.220641 3.740214 2.000000 
 Mfc1    2.448399 0.000000 0.754448 4.644128 1.266904 
 Mfc2    2.220641 0.754448 0.000000 4.516014 1.081851 
 Compar  3.740214 4.644128 4.516014 0.000000 4.395018 
 Ppmz    2.000000 1.266904 1.081851 4.395018 0.000000 


new_compatibilityTable_LtoL
          7Zip     Mfc1     Mfc2     Compar   Ppmz    
 7Zip    0.000000 0.153025 0.138790 0.233763 0.125000 
 Mfc1    0.153025 0.000000 0.047153 0.290258 0.079181 
 Mfc2    0.138790 0.047153 0.000000 0.282251 0.067616 
 Compar  0.233763 0.290258 0.282251 0.000000 0.274689 
 Ppmz    0.125000 0.079181 0.067616 0.274689 0.000000 


