compatibilityTable_LtoL
          7Zip     Mfc1     Mfc2     Compar   Ppmz    
 7Zip    0.000000 2.560000 2.280000 3.820000 2.200000 
 Mfc1    2.560000 0.000000 0.820000 4.760000 1.140000 
 Mfc2    2.280000 0.820000 0.000000 4.720000 0.980000 
 Compar  3.820000 4.760000 4.720000 0.000000 4.640000 
 Ppmz    2.200000 1.140000 0.980000 4.640000 0.000000 


new_compatibilityTable_LtoL
          7Zip     Mfc1     Mfc2     Compar   Ppmz    
 7Zip    0.000000 0.160000 0.142500 0.238750 0.137500 
 Mfc1    0.160000 0.000000 0.051250 0.297500 0.071250 
 Mfc2    0.142500 0.051250 0.000000 0.295000 0.061250 
 Compar  0.238750 0.297500 0.295000 0.000000 0.290000 
 Ppmz    0.137500 0.071250 0.061250 0.290000 0.000000 


