compatibilityTable_LtoL
          7Zip     Mfc1     Mfc2     Compar   Ppmz    
 7Zip    0.000000 2.353741 2.122449 3.598639 1.972789 
 Mfc1    2.353741 0.000000 0.748299 4.360544 1.102041 
 Mfc2    2.122449 0.748299 0.000000 4.278912 0.952381 
 Compar  3.598639 4.360544 4.278912 0.000000 4.142857 
 Ppmz    1.972789 1.102041 0.952381 4.142857 0.000000 


new_compatibilityTable_LtoL
          7Zip     Mfc1     Mfc2     Compar   Ppmz    
 7Zip    0.000000 0.147109 0.132653 0.224915 0.123299 
 Mfc1    0.147109 0.000000 0.046769 0.272534 0.068878 
 Mfc2    0.132653 0.046769 0.000000 0.267432 0.059524 
 Compar  0.224915 0.272534 0.267432 0.000000 0.258929 
 Ppmz    0.123299 0.068878 0.059524 0.258929 0.000000 


