compatibilityTable_LtoL
          7Zip     Mfc1     Mfc2     Compar   Ppmz    
 7Zip    0.000000 2.547369 2.294737 3.884211 2.189474 
 Mfc1    2.547369 0.000000 0.778947 4.789474 1.052632 
 Mfc2    2.294737 0.778947 0.000000 4.768421 0.968421 
 Compar  3.884211 4.789474 4.768421 0.000000 4.663158 
 Ppmz    2.189474 1.052632 0.968421 4.663158 0.000000 


new_compatibilityTable_LtoL
          7Zip     Mfc1     Mfc2     Compar   Ppmz    
 7Zip    0.000000 0.159211 0.143421 0.242763 0.136842 
 Mfc1    0.159211 0.000000 0.048684 0.299342 0.065789 
 Mfc2    0.143421 0.048684 0.000000 0.298026 0.060526 
 Compar  0.242763 0.299342 0.298026 0.000000 0.291447 
 Ppmz    0.136842 0.065789 0.060526 0.291447 0.000000 


