compatibilityTable_LtoL
          7Zip     Mfc1     Mfc2     Compar   Ppmz    
 7Zip    0.000000 2.258929 2.098214 3.508929 1.955357 
 Mfc1    2.258929 0.000000 0.696429 4.348214 1.160714 
 Mfc2    2.098214 0.696429 0.000000 4.267857 1.017857 
 Compar  3.508929 4.348214 4.267857 0.000000 4.160714 
 Ppmz    1.955357 1.160714 1.017857 4.160714 0.000000 


new_compatibilityTable_LtoL
          7Zip     Mfc1     Mfc2     Compar   Ppmz    
 7Zip    0.000000 0.141183 0.131138 0.219308 0.122210 
 Mfc1    0.141183 0.000000 0.043527 0.271763 0.072545 
 Mfc2    0.131138 0.043527 0.000000 0.266741 0.063616 
 Compar  0.219308 0.271763 0.266741 0.000000 0.260045 
 Ppmz    0.122210 0.072545 0.063616 0.260045 0.000000 


