compatibilityTable_LtoL
          7Zip     Mfc1     Mfc2     Compar   Ppmz    
 7Zip    0.000000 2.317460 2.047619 3.682540 1.920635 
 Mfc1    2.317460 0.000000 0.793651 4.555555 1.095238 
 Mfc2    2.047619 0.793651 0.000000 4.460318 0.920635 
 Compar  3.682540 4.555555 4.460318 0.000000 4.396825 
 Ppmz    1.920635 1.095238 0.920635 4.396825 0.000000 


new_compatibilityTable_LtoL
          7Zip     Mfc1     Mfc2     Compar   Ppmz    
 7Zip    0.000000 0.144841 0.127976 0.230159 0.120040 
 Mfc1    0.144841 0.000000 0.049603 0.284722 0.068452 
 Mfc2    0.127976 0.049603 0.000000 0.278770 0.057540 
 Compar  0.230159 0.284722 0.278770 0.000000 0.274802 
 Ppmz    0.120040 0.068452 0.057540 0.274802 0.000000 


