compatibilityTable_LtoL
          7Zip     Mfc1     Mfc2     Compar   Ppmz    
 7Zip    0.000000 2.468254 2.285714 3.825397 2.063492 
 Mfc1    2.468254 0.000000 0.730159 4.674603 1.253968 
 Mfc2    2.285714 0.730159 0.000000 4.579365 1.111111 
 Compar  3.825397 4.674603 4.579365 0.000000 4.476191 
 Ppmz    2.063492 1.253968 1.111111 4.476191 0.000000 


new_compatibilityTable_LtoL
          7Zip     Mfc1     Mfc2     Compar   Ppmz    
 7Zip    0.000000 0.154266 0.142857 0.239087 0.128968 
 Mfc1    0.154266 0.000000 0.045635 0.292163 0.078373 
 Mfc2    0.142857 0.045635 0.000000 0.286210 0.069444 
 Compar  0.239087 0.292163 0.286210 0.000000 0.279762 
 Ppmz    0.128968 0.078373 0.069444 0.279762 0.000000 


