compatibilityTable_LtoL
          7Zip     Mfc1     Mfc2     Compar   Ppmz    
 7Zip    0.000000 2.217391 1.869565 3.695652 1.782609 
 Mfc1    2.217391 0.000000 0.739130 4.391304 1.086957 
 Mfc2    1.869565 0.739130 0.000000 4.347826 0.782609 
 Compar  3.695652 4.391304 4.347826 0.000000 4.217391 
 Ppmz    1.782609 1.086957 0.782609 4.217391 0.000000 


new_compatibilityTable_LtoL
          7Zip     Mfc1     Mfc2     Compar   Ppmz    
 7Zip    0.000000 0.138587 0.116848 0.230978 0.111413 
 Mfc1    0.138587 0.000000 0.046196 0.274457 0.067935 
 Mfc2    0.116848 0.046196 0.000000 0.271739 0.048913 
 Compar  0.230978 0.274457 0.271739 0.000000 0.263587 
 Ppmz    0.111413 0.067935 0.048913 0.263587 0.000000 


