compatibilityTable_LtoL
          7Zip     Mfc1     Mfc2     Compar   Ppmz    
 7Zip    0.000000 1.666667 1.222222 4.444445 1.000000 
 Mfc1    1.666667 0.000000 1.222222 4.111111 1.111111 
 Mfc2    1.222222 1.222222 0.000000 4.222222 0.555556 
 Compar  4.444445 4.111111 4.222222 0.000000 4.000000 
 Ppmz    1.000000 1.111111 0.555556 4.000000 0.000000 


new_compatibilityTable_LtoL
          7Zip     Mfc1     Mfc2     Compar   Ppmz    
 7Zip    0.000000 0.104167 0.076389 0.277778 0.062500 
 Mfc1    0.104167 0.000000 0.076389 0.256944 0.069444 
 Mfc2    0.076389 0.076389 0.000000 0.263889 0.034722 
 Compar  0.277778 0.256944 0.263889 0.000000 0.250000 
 Ppmz    0.062500 0.069444 0.034722 0.250000 0.000000 


