compatibilityTable_LtoL
          7Zip     Mfc1     Mfc2     Compar   Ppmz    
 7Zip    0.000000 2.585366 2.341463 3.682927 2.292683 
 Mfc1    2.585366 0.000000 0.731707 4.536585 1.048780 
 Mfc2    2.341463 0.731707 0.000000 4.536585 1.000000 
 Compar  3.682927 4.536585 4.536585 0.000000 4.487805 
 Ppmz    2.292683 1.048780 1.000000 4.487805 0.000000 


new_compatibilityTable_LtoL
          7Zip     Mfc1     Mfc2     Compar   Ppmz    
 7Zip    0.000000 0.161585 0.146341 0.230183 0.143293 
 Mfc1    0.161585 0.000000 0.045732 0.283537 0.065549 
 Mfc2    0.146341 0.045732 0.000000 0.283537 0.062500 
 Compar  0.230183 0.283537 0.283537 0.000000 0.280488 
 Ppmz    0.143293 0.065549 0.062500 0.280488 0.000000 


