compatibilityTable_LtoL
          7Zip     Mfc1     Mfc2     Compar   Ppmz    
 7Zip    0.000000 3.142857 2.000000 4.428571 2.000000 
 Mfc1    3.142857 0.000000 2.000000 4.142857 2.285714 
 Mfc2    2.000000 2.000000 0.000000 4.142857 0.857143 
 Compar  4.428571 4.142857 4.142857 0.000000 3.571429 
 Ppmz    2.000000 2.285714 0.857143 3.571429 0.000000 


new_compatibilityTable_LtoL
          7Zip     Mfc1     Mfc2     Compar   Ppmz    
 7Zip    0.000000 0.196429 0.125000 0.276786 0.125000 
 Mfc1    0.196429 0.000000 0.125000 0.258929 0.142857 
 Mfc2    0.125000 0.125000 0.000000 0.258929 0.053571 
 Compar  0.276786 0.258929 0.258929 0.000000 0.223214 
 Ppmz    0.125000 0.142857 0.053571 0.223214 0.000000 


