compatibilityTable_LtoL
          7Zip     Mfc1     Mfc2     Compar   Ppmz    
 7Zip    0.000000 2.549451 2.307692 3.901099 2.197802 
 Mfc1    2.549451 0.000000 0.791209 4.802198 1.076923 
 Mfc2    2.307692 0.791209 0.000000 4.780220 1.010989 
 Compar  3.901099 4.802198 4.780220 0.000000 4.670330 
 Ppmz    2.197802 1.076923 1.010989 4.670330 0.000000 


new_compatibilityTable_LtoL
          7Zip     Mfc1     Mfc2     Compar   Ppmz    
 7Zip    0.000000 0.159341 0.144231 0.243819 0.137363 
 Mfc1    0.159341 0.000000 0.049451 0.300137 0.067308 
 Mfc2    0.144231 0.049451 0.000000 0.298764 0.063187 
 Compar  0.243819 0.300137 0.298764 0.000000 0.291896 
 Ppmz    0.137363 0.067308 0.063187 0.291896 0.000000 


