compatibilityTable_LtoL
          7Zip     Mfc1     Mfc2     Compar   Ppmz    
 7Zip    0.000000 2.488372 2.286822 3.813953 2.069767 
 Mfc1    2.488372 0.000000 0.736434 4.689922 1.248062 
 Mfc2    2.286822 0.736434 0.000000 4.589147 1.100775 
 Compar  3.813953 4.689922 4.589147 0.000000 4.480620 
 Ppmz    2.069767 1.248062 1.100775 4.480620 0.000000 


new_compatibilityTable_LtoL
          7Zip     Mfc1     Mfc2     Compar   Ppmz    
 7Zip    0.000000 0.155523 0.142926 0.238372 0.129360 
 Mfc1    0.155523 0.000000 0.046027 0.293120 0.078004 
 Mfc2    0.142926 0.046027 0.000000 0.286822 0.068798 
 Compar  0.238372 0.293120 0.286822 0.000000 0.280039 
 Ppmz    0.129360 0.078004 0.068798 0.280039 0.000000 


