compatibilityTable_LtoL
          7Zip     Mfc1     Mfc2     Compar   Ppmz    
 7Zip    0.000000 2.480000 2.296000 3.824000 2.072000 
 Mfc1    2.480000 0.000000 0.736000 4.672000 1.264000 
 Mfc2    2.296000 0.736000 0.000000 4.576000 1.120000 
 Compar  3.824000 4.672000 4.576000 0.000000 4.472000 
 Ppmz    2.072000 1.264000 1.120000 4.472000 0.000000 


new_compatibilityTable_LtoL
          7Zip     Mfc1     Mfc2     Compar   Ppmz    
 7Zip    0.000000 0.155000 0.143500 0.239000 0.129500 
 Mfc1    0.155000 0.000000 0.046000 0.292000 0.079000 
 Mfc2    0.143500 0.046000 0.000000 0.286000 0.070000 
 Compar  0.239000 0.292000 0.286000 0.000000 0.279500 
 Ppmz    0.129500 0.079000 0.070000 0.279500 0.000000 


