compatibilityTable_LtoL
          7Zip     Mfc1     Mfc2     Compar   Ppmz    
 7Zip    0.000000 2.622951 2.360656 3.688524 2.229508 
 Mfc1    2.622951 0.000000 0.688525 4.672131 1.114754 
 Mfc2    2.360656 0.688525 0.000000 4.672131 0.950820 
 Compar  3.688524 4.672131 4.672131 0.000000 4.475410 
 Ppmz    2.229508 1.114754 0.950820 4.475410 0.000000 


new_compatibilityTable_LtoL
          7Zip     Mfc1     Mfc2     Compar   Ppmz    
 7Zip    0.000000 0.163934 0.147541 0.230533 0.139344 
 Mfc1    0.163934 0.000000 0.043033 0.292008 0.069672 
 Mfc2    0.147541 0.043033 0.000000 0.292008 0.059426 
 Compar  0.230533 0.292008 0.292008 0.000000 0.279713 
 Ppmz    0.139344 0.069672 0.059426 0.279713 0.000000 


