compatibilityTable_LtoL
          7Zip     Mfc1     Mfc2     Compar   Ppmz    
 7Zip    0.000000 2.478431 2.282353 3.831372 2.062745 
 Mfc1    2.478431 0.000000 0.737255 4.686275 1.254902 
 Mfc2    2.282353 0.737255 0.000000 4.584314 1.113726 
 Compar  3.831372 4.686275 4.584314 0.000000 4.474510 
 Ppmz    2.062745 1.254902 1.113726 4.474510 0.000000 


new_compatibilityTable_LtoL
          7Zip     Mfc1     Mfc2     Compar   Ppmz    
 7Zip    0.000000 0.154902 0.142647 0.239461 0.128922 
 Mfc1    0.154902 0.000000 0.046078 0.292892 0.078431 
 Mfc2    0.142647 0.046078 0.000000 0.286520 0.069608 
 Compar  0.239461 0.292892 0.286520 0.000000 0.279657 
 Ppmz    0.128922 0.078431 0.069608 0.279657 0.000000 


