compatibilityTable_LtoL
          7Zip     Mfc1     Mfc2     Compar   Ppmz    
 7Zip    0.000000 2.424490 2.244898 3.767347 2.032653 
 Mfc1    2.424490 0.000000 0.742857 4.608163 1.265306 
 Mfc2    2.244898 0.742857 0.000000 4.510204 1.110204 
 Compar  3.767347 4.608163 4.510204 0.000000 4.420408 
 Ppmz    2.032653 1.265306 1.110204 4.420408 0.000000 


new_compatibilityTable_LtoL
          7Zip     Mfc1     Mfc2     Compar   Ppmz    
 7Zip    0.000000 0.151531 0.140306 0.235459 0.127041 
 Mfc1    0.151531 0.000000 0.046429 0.288010 0.079082 
 Mfc2    0.140306 0.046429 0.000000 0.281888 0.069388 
 Compar  0.235459 0.288010 0.281888 0.000000 0.276276 
 Ppmz    0.127041 0.079082 0.069388 0.276276 0.000000 


