compatibilityTable_LtoL
          7Zip     Mfc1     Mfc2     Compar   Ppmz    
 7Zip    0.000000 2.524272 2.233010 3.834951 2.174757 
 Mfc1    2.524272 0.000000 0.815534 4.728155 1.126214 
 Mfc2    2.233010 0.815534 0.000000 4.689321 0.970874 
 Compar  3.834951 4.728155 4.689321 0.000000 4.611650 
 Ppmz    2.174757 1.126214 0.970874 4.611650 0.000000 


new_compatibilityTable_LtoL
          7Zip     Mfc1     Mfc2     Compar   Ppmz    
 7Zip    0.000000 0.157767 0.139563 0.239684 0.135922 
 Mfc1    0.157767 0.000000 0.050971 0.295510 0.070388 
 Mfc2    0.139563 0.050971 0.000000 0.293083 0.060680 
 Compar  0.239684 0.295510 0.293083 0.000000 0.288228 
 Ppmz    0.135922 0.070388 0.060680 0.288228 0.000000 


