compatibilityTable_LtoL
          7Zip     Mfc1     Mfc2     Compar   Ppmz    
 7Zip    0.000000 2.473684 2.157895 3.824561 2.052632 
 Mfc1    2.473684 0.000000 0.824561 4.701755 1.122807 
 Mfc2    2.157895 0.824561 0.000000 4.649123 0.964912 
 Compar  3.824561 4.701755 4.649123 0.000000 4.596491 
 Ppmz    2.052632 1.122807 0.964912 4.596491 0.000000 


new_compatibilityTable_LtoL
          7Zip     Mfc1     Mfc2     Compar   Ppmz    
 7Zip    0.000000 0.154605 0.134868 0.239035 0.128289 
 Mfc1    0.154605 0.000000 0.051535 0.293860 0.070175 
 Mfc2    0.134868 0.051535 0.000000 0.290570 0.060307 
 Compar  0.239035 0.293860 0.290570 0.000000 0.287281 
 Ppmz    0.128289 0.070175 0.060307 0.287281 0.000000 


