compatibilityTable_LtoL
          7Zip     Mfc1     Mfc2     Compar   Ppmz    
 7Zip    0.000000 2.537313 2.268657 3.537313 2.179105 
 Mfc1    2.537313 0.000000 0.656716 4.522388 1.014925 
 Mfc2    2.268657 0.656716 0.000000 4.492537 0.895522 
 Compar  3.537313 4.522388 4.492537 0.000000 4.343284 
 Ppmz    2.179105 1.014925 0.895522 4.343284 0.000000 


new_compatibilityTable_LtoL
          7Zip     Mfc1     Mfc2     Compar   Ppmz    
 7Zip    0.000000 0.158582 0.141791 0.221082 0.136194 
 Mfc1    0.158582 0.000000 0.041045 0.282649 0.063433 
 Mfc2    0.141791 0.041045 0.000000 0.280784 0.055970 
 Compar  0.221082 0.282649 0.280784 0.000000 0.271455 
 Ppmz    0.136194 0.063433 0.055970 0.271455 0.000000 


