compatibilityTable_LtoL
          7Zip     Mfc1     Mfc2     Compar   Ppmz    
 7Zip    0.000000 2.480315 2.283465 3.826772 2.062992 
 Mfc1    2.480315 0.000000 0.740157 4.685040 1.259843 
 Mfc2    2.283465 0.740157 0.000000 4.582677 1.118110 
 Compar  3.826772 4.685040 4.582677 0.000000 4.472441 
 Ppmz    2.062992 1.259843 1.118110 4.472441 0.000000 


new_compatibilityTable_LtoL
          7Zip     Mfc1     Mfc2     Compar   Ppmz    
 7Zip    0.000000 0.155020 0.142717 0.239173 0.128937 
 Mfc1    0.155020 0.000000 0.046260 0.292815 0.078740 
 Mfc2    0.142717 0.046260 0.000000 0.286417 0.069882 
 Compar  0.239173 0.292815 0.286417 0.000000 0.279528 
 Ppmz    0.128937 0.078740 0.069882 0.279528 0.000000 


