compatibilityTable_LtoL
          7Zip     Mfc1     Mfc2     Compar   Ppmz    
 7Zip    0.000000 2.386441 2.169492 3.677966 1.945763 
 Mfc1    2.386441 0.000000 0.732203 4.532203 1.220339 
 Mfc2    2.169492 0.732203 0.000000 4.416949 1.044068 
 Compar  3.677966 4.532203 4.416949 0.000000 4.308475 
 Ppmz    1.945763 1.220339 1.044068 4.308475 0.000000 


new_compatibilityTable_LtoL
          7Zip     Mfc1     Mfc2     Compar   Ppmz    
 7Zip    0.000000 0.149153 0.135593 0.229873 0.121610 
 Mfc1    0.149153 0.000000 0.045763 0.283263 0.076271 
 Mfc2    0.135593 0.045763 0.000000 0.276059 0.065254 
 Compar  0.229873 0.283263 0.276059 0.000000 0.269280 
 Ppmz    0.121610 0.076271 0.065254 0.269280 0.000000 


