compatibilityTable_LtoL
          7Zip     Mfc1     Mfc2     Compar   Ppmz    
 7Zip    0.000000 2.445344 2.259109 3.817814 2.056680 
 Mfc1    2.445344 0.000000 0.744939 4.643725 1.255061 
 Mfc2    2.259109 0.744939 0.000000 4.546559 1.109312 
 Compar  3.817814 4.643725 4.546559 0.000000 4.457490 
 Ppmz    2.056680 1.255061 1.109312 4.457490 0.000000 


new_compatibilityTable_LtoL
          7Zip     Mfc1     Mfc2     Compar   Ppmz    
 7Zip    0.000000 0.152834 0.141194 0.238613 0.128543 
 Mfc1    0.152834 0.000000 0.046559 0.290233 0.078441 
 Mfc2    0.141194 0.046559 0.000000 0.284160 0.069332 
 Compar  0.238613 0.290233 0.284160 0.000000 0.278593 
 Ppmz    0.128543 0.078441 0.069332 0.278593 0.000000 


