compatibilityTable_LtoL
          7Zip     Mfc1     Mfc2     Compar   Ppmz    
 7Zip    0.000000 2.427351 2.153846 3.803419 2.034188 
 Mfc1    2.427351 0.000000 0.837607 4.675214 1.145299 
 Mfc2    2.153846 0.837607 0.000000 4.589744 0.974359 
 Compar  3.803419 4.675214 4.589744 0.000000 4.538462 
 Ppmz    2.034188 1.145299 0.974359 4.538462 0.000000 


new_compatibilityTable_LtoL
          7Zip     Mfc1     Mfc2     Compar   Ppmz    
 7Zip    0.000000 0.151709 0.134615 0.237714 0.127137 
 Mfc1    0.151709 0.000000 0.052350 0.292201 0.071581 
 Mfc2    0.134615 0.052350 0.000000 0.286859 0.060897 
 Compar  0.237714 0.292201 0.286859 0.000000 0.283654 
 Ppmz    0.127137 0.071581 0.060897 0.283654 0.000000 


