compatibilityTable_LtoL
          7Zip     Mfc1     Mfc2     Compar   Ppmz    
 7Zip    0.000000 2.283871 2.077419 3.529032 1.935484 
 Mfc1    2.283871 0.000000 0.722581 4.251613 1.058064 
 Mfc2    2.077419 0.722581 0.000000 4.161290 0.903226 
 Compar  3.529032 4.251613 4.161290 0.000000 4.032258 
 Ppmz    1.935484 1.058064 0.903226 4.032258 0.000000 


new_compatibilityTable_LtoL
          7Zip     Mfc1     Mfc2     Compar   Ppmz    
 7Zip    0.000000 0.142742 0.129839 0.220565 0.120968 
 Mfc1    0.142742 0.000000 0.045161 0.265726 0.066129 
 Mfc2    0.129839 0.045161 0.000000 0.260081 0.056452 
 Compar  0.220565 0.265726 0.260081 0.000000 0.252016 
 Ppmz    0.120968 0.066129 0.056452 0.252016 0.000000 


