compatibilityTable_LtoL
          7Zip     Mfc1     Mfc2     Compar   Ppmz    
 7Zip    0.000000 1.700000 1.300000 4.600000 1.300000 
 Mfc1    1.700000 0.000000 1.100000 4.300000 1.200000 
 Mfc2    1.300000 1.100000 0.000000 4.400000 0.700000 
 Compar  4.600000 4.300000 4.400000 0.000000 4.300000 
 Ppmz    1.300000 1.200000 0.700000 4.300000 0.000000 


new_compatibilityTable_LtoL
          7Zip     Mfc1     Mfc2     Compar   Ppmz    
 7Zip    0.000000 0.106250 0.081250 0.287500 0.081250 
 Mfc1    0.106250 0.000000 0.068750 0.268750 0.075000 
 Mfc2    0.081250 0.068750 0.000000 0.275000 0.043750 
 Compar  0.287500 0.268750 0.275000 0.000000 0.268750 
 Ppmz    0.081250 0.075000 0.043750 0.268750 0.000000 


