compatibilityTable_LtoL
          7Zip     Mfc1     Mfc2     Compar   Ppmz    
 7Zip    0.000000 2.181818 1.818182 4.636364 1.454545 
 Mfc1    2.181818 0.000000 1.636364 4.454545 1.454545 
 Mfc2    1.818182 1.636364 0.000000 4.454545 0.909091 
 Compar  4.636364 4.454545 4.454545 0.000000 4.090909 
 Ppmz    1.454545 1.454545 0.909091 4.090909 0.000000 


new_compatibilityTable_LtoL
          7Zip     Mfc1     Mfc2     Compar   Ppmz    
 7Zip    0.000000 0.136364 0.113636 0.289773 0.090909 
 Mfc1    0.136364 0.000000 0.102273 0.278409 0.090909 
 Mfc2    0.113636 0.102273 0.000000 0.278409 0.056818 
 Compar  0.289773 0.278409 0.278409 0.000000 0.255682 
 Ppmz    0.090909 0.090909 0.056818 0.255682 0.000000 


