compatibilityTable_LtoL
          7Zip     Mfc1     Mfc2     Compar   Ppmz    
 7Zip    0.000000 2.000000 1.575758 3.787879 1.575758 
 Mfc1    2.000000 0.000000 0.909091 4.030303 1.212121 
 Mfc2    1.575758 0.909091 0.000000 4.090909 0.848485 
 Compar  3.787879 4.030303 4.090909 0.000000 3.909091 
 Ppmz    1.575758 1.212121 0.848485 3.909091 0.000000 


new_compatibilityTable_LtoL
          7Zip     Mfc1     Mfc2     Compar   Ppmz    
 7Zip    0.000000 0.125000 0.098485 0.236742 0.098485 
 Mfc1    0.125000 0.000000 0.056818 0.251894 0.075758 
 Mfc2    0.098485 0.056818 0.000000 0.255682 0.053030 
 Compar  0.236742 0.251894 0.255682 0.000000 0.244318 
 Ppmz    0.098485 0.075758 0.053030 0.244318 0.000000 


