compatibilityTable_LtoL
          7Zip     Mfc1     Mfc2     Compar   Ppmz    
 7Zip    0.000000 2.384615 2.076923 3.576923 1.961538 
 Mfc1    2.384615 0.000000 0.653846 4.423077 1.115385 
 Mfc2    2.076923 0.653846 0.000000 4.384615 0.846154 
 Compar  3.576923 4.423077 4.384615 0.000000 4.230769 
 Ppmz    1.961538 1.115385 0.846154 4.230769 0.000000 


new_compatibilityTable_LtoL
          7Zip     Mfc1     Mfc2     Compar   Ppmz    
 7Zip    0.000000 0.149038 0.129808 0.223558 0.122596 
 Mfc1    0.149038 0.000000 0.040865 0.276442 0.069712 
 Mfc2    0.129808 0.040865 0.000000 0.274038 0.052885 
 Compar  0.223558 0.276442 0.274038 0.000000 0.264423 
 Ppmz    0.122596 0.069712 0.052885 0.264423 0.000000 


