compatibilityTable_LtoL
          7Zip     Mfc1     Mfc2     Compar   Ppmz    
 7Zip    0.000000 2.391960 2.221106 3.472362 2.090452 
 Mfc1    2.391960 0.000000 0.703518 4.346734 1.185930 
 Mfc2    2.221106 0.703518 0.000000 4.266332 1.055276 
 Compar  3.472362 4.346734 4.266332 0.000000 4.155779 
 Ppmz    2.090452 1.185930 1.055276 4.155779 0.000000 


new_compatibilityTable_LtoL
          7Zip     Mfc1     Mfc2     Compar   Ppmz    
 7Zip    0.000000 0.149497 0.138819 0.217023 0.130653 
 Mfc1    0.149497 0.000000 0.043970 0.271671 0.074121 
 Mfc2    0.138819 0.043970 0.000000 0.266646 0.065955 
 Compar  0.217023 0.271671 0.266646 0.000000 0.259736 
 Ppmz    0.130653 0.074121 0.065955 0.259736 0.000000 


