compatibilityTable_LtoL
          7Zip     Mfc1     Mfc2     Compar   Ppmz    
 7Zip    0.000000 2.404109 2.191781 3.691781 1.965753 
 Mfc1    2.404109 0.000000 0.732877 4.561644 1.226027 
 Mfc2    2.191781 0.732877 0.000000 4.438356 1.054795 
 Compar  3.691781 4.561644 4.438356 0.000000 4.328767 
 Ppmz    1.965753 1.226027 1.054795 4.328767 0.000000 


new_compatibilityTable_LtoL
          7Zip     Mfc1     Mfc2     Compar   Ppmz    
 7Zip    0.000000 0.150257 0.136986 0.230736 0.122860 
 Mfc1    0.150257 0.000000 0.045805 0.285103 0.076627 
 Mfc2    0.136986 0.045805 0.000000 0.277397 0.065925 
 Compar  0.230736 0.285103 0.277397 0.000000 0.270548 
 Ppmz    0.122860 0.076627 0.065925 0.270548 0.000000 


