compatibilityTable_LtoL
          7Zip     Mfc1     Mfc2     Compar   Ppmz    
 7Zip    0.000000 2.429577 2.211268 3.732394 1.985916 
 Mfc1    2.429577 0.000000 0.753521 4.633803 1.253521 
 Mfc2    2.211268 0.753521 0.000000 4.507042 1.077465 
 Compar  3.732394 4.633803 4.507042 0.000000 4.387324 
 Ppmz    1.985916 1.253521 1.077465 4.387324 0.000000 


new_compatibilityTable_LtoL
          7Zip     Mfc1     Mfc2     Compar   Ppmz    
 7Zip    0.000000 0.151849 0.138204 0.233275 0.124120 
 Mfc1    0.151849 0.000000 0.047095 0.289613 0.078345 
 Mfc2    0.138204 0.047095 0.000000 0.281690 0.067342 
 Compar  0.233275 0.289613 0.281690 0.000000 0.274208 
 Ppmz    0.124120 0.078345 0.067342 0.274208 0.000000 


