compatibilityTable_LtoL
          7Zip     Mfc1     Mfc2     Compar   Ppmz    
 7Zip    0.000000 2.612903 2.322581 3.645161 2.225806 
 Mfc1    2.612903 0.000000 0.709677 4.645161 1.096774 
 Mfc2    2.322581 0.709677 0.000000 4.612903 0.967742 
 Compar  3.645161 4.645161 4.612903 0.000000 4.451613 
 Ppmz    2.225806 1.096774 0.967742 4.451613 0.000000 


new_compatibilityTable_LtoL
          7Zip     Mfc1     Mfc2     Compar   Ppmz    
 7Zip    0.000000 0.163306 0.145161 0.227823 0.139113 
 Mfc1    0.163306 0.000000 0.044355 0.290323 0.068548 
 Mfc2    0.145161 0.044355 0.000000 0.288306 0.060484 
 Compar  0.227823 0.290323 0.288306 0.000000 0.278226 
 Ppmz    0.139113 0.068548 0.060484 0.278226 0.000000 


