compatibilityTable_LtoL
          7Zip     Mfc1     Mfc2     Compar   Ppmz    
 7Zip    0.000000 2.578947 2.315789 3.710526 2.210526 
 Mfc1    2.578947 0.000000 0.736842 4.552631 1.052632 
 Mfc2    2.315789 0.736842 0.000000 4.578948 1.000000 
 Compar  3.710526 4.552631 4.578948 0.000000 4.473684 
 Ppmz    2.210526 1.052632 1.000000 4.473684 0.000000 


new_compatibilityTable_LtoL
          7Zip     Mfc1     Mfc2     Compar   Ppmz    
 7Zip    0.000000 0.161184 0.144737 0.231908 0.138158 
 Mfc1    0.161184 0.000000 0.046053 0.284539 0.065789 
 Mfc2    0.144737 0.046053 0.000000 0.286184 0.062500 
 Compar  0.231908 0.284539 0.286184 0.000000 0.279605 
 Ppmz    0.138158 0.065789 0.062500 0.279605 0.000000 


