compatibilityTable_LtoL
          7Zip     Mfc1     Mfc2     Compar   Ppmz    
 7Zip    0.000000 2.000000 1.466667 4.733333 1.200000 
 Mfc1    2.000000 0.000000 1.466667 4.333333 1.333333 
 Mfc2    1.466667 1.466667 0.000000 4.466667 0.666667 
 Compar  4.733333 4.333333 4.466667 0.000000 4.200000 
 Ppmz    1.200000 1.333333 0.666667 4.200000 0.000000 


new_compatibilityTable_LtoL
          7Zip     Mfc1     Mfc2     Compar   Ppmz    
 7Zip    0.000000 0.125000 0.091667 0.295833 0.075000 
 Mfc1    0.125000 0.000000 0.091667 0.270833 0.083333 
 Mfc2    0.091667 0.091667 0.000000 0.279167 0.041667 
 Compar  0.295833 0.270833 0.279167 0.000000 0.262500 
 Ppmz    0.075000 0.083333 0.041667 0.262500 0.000000 


