compatibilityTable_LtoL
          7Zip     Mfc1     Mfc2     Compar   Ppmz    
 7Zip    0.000000 2.287582 2.078431 3.535948 1.934641 
 Mfc1    2.287582 0.000000 0.732026 4.267974 1.071895 
 Mfc2    2.078431 0.732026 0.000000 4.176471 0.915033 
 Compar  3.535948 4.267974 4.176471 0.000000 4.045752 
 Ppmz    1.934641 1.071895 0.915033 4.045752 0.000000 


new_compatibilityTable_LtoL
          7Zip     Mfc1     Mfc2     Compar   Ppmz    
 7Zip    0.000000 0.142974 0.129902 0.220997 0.120915 
 Mfc1    0.142974 0.000000 0.045752 0.266748 0.066993 
 Mfc2    0.129902 0.045752 0.000000 0.261029 0.057190 
 Compar  0.220997 0.266748 0.261029 0.000000 0.252859 
 Ppmz    0.120915 0.066993 0.057190 0.252859 0.000000 


