compatibilityTable_LtoL
          7Zip     Mfc1     Mfc2     Compar   Ppmz    
 7Zip    0.000000 2.370370 2.074074 3.481482 1.962963 
 Mfc1    2.370370 0.000000 0.629630 4.370370 1.074074 
 Mfc2    2.074074 0.629630 0.000000 4.333333 0.814815 
 Compar  3.481482 4.370370 4.333333 0.000000 4.185185 
 Ppmz    1.962963 1.074074 0.814815 4.185185 0.000000 


new_compatibilityTable_LtoL
          7Zip     Mfc1     Mfc2     Compar   Ppmz    
 7Zip    0.000000 0.148148 0.129630 0.217593 0.122685 
 Mfc1    0.148148 0.000000 0.039352 0.273148 0.067130 
 Mfc2    0.129630 0.039352 0.000000 0.270833 0.050926 
 Compar  0.217593 0.273148 0.270833 0.000000 0.261574 
 Ppmz    0.122685 0.067130 0.050926 0.261574 0.000000 


