compatibilityTable_LtoL
          7Zip     Mfc1     Mfc2     Compar   Ppmz    
 7Zip    0.000000 2.551020 2.285714 3.816327 2.204082 
 Mfc1    2.551020 0.000000 0.816327 4.775510 1.142857 
 Mfc2    2.285714 0.816327 0.000000 4.734694 1.000000 
 Compar  3.816327 4.775510 4.734694 0.000000 4.653061 
 Ppmz    2.204082 1.142857 1.000000 4.653061 0.000000 


new_compatibilityTable_LtoL
          7Zip     Mfc1     Mfc2     Compar   Ppmz    
 7Zip    0.000000 0.159439 0.142857 0.238520 0.137755 
 Mfc1    0.159439 0.000000 0.051020 0.298469 0.071429 
 Mfc2    0.142857 0.051020 0.000000 0.295918 0.062500 
 Compar  0.238520 0.298469 0.295918 0.000000 0.290816 
 Ppmz    0.137755 0.071429 0.062500 0.290816 0.000000 


