compatibilityTable_LtoL
          7Zip     Mfc1     Mfc2     Compar   Ppmz    
 7Zip    0.000000 2.348936 2.187234 3.587234 2.017021 
 Mfc1    2.348936 0.000000 0.723404 4.438298 1.225532 
 Mfc2    2.187234 0.723404 0.000000 4.344681 1.072340 
 Compar  3.587234 4.438298 4.344681 0.000000 4.242553 
 Ppmz    2.017021 1.225532 1.072340 4.242553 0.000000 


new_compatibilityTable_LtoL
          7Zip     Mfc1     Mfc2     Compar   Ppmz    
 7Zip    0.000000 0.146809 0.136702 0.224202 0.126064 
 Mfc1    0.146809 0.000000 0.045213 0.277394 0.076596 
 Mfc2    0.136702 0.045213 0.000000 0.271543 0.067021 
 Compar  0.224202 0.277394 0.271543 0.000000 0.265160 
 Ppmz    0.126064 0.076596 0.067021 0.265160 0.000000 


