compatibilityTable_LtoL
          7Zip     Mfc1     Mfc2     Compar   Ppmz    
 7Zip    0.000000 2.372549 2.196079 3.470588 2.068627 
 Mfc1    2.372549 0.000000 0.705882 4.333333 1.176471 
 Mfc2    2.196079 0.705882 0.000000 4.254902 1.029412 
 Compar  3.470588 4.333333 4.254902 0.000000 4.147059 
 Ppmz    2.068627 1.176471 1.029412 4.147059 0.000000 


new_compatibilityTable_LtoL
          7Zip     Mfc1     Mfc2     Compar   Ppmz    
 7Zip    0.000000 0.148284 0.137255 0.216912 0.129289 
 Mfc1    0.148284 0.000000 0.044118 0.270833 0.073529 
 Mfc2    0.137255 0.044118 0.000000 0.265931 0.064338 
 Compar  0.216912 0.270833 0.265931 0.000000 0.259191 
 Ppmz    0.129289 0.073529 0.064338 0.259191 0.000000 


