compatibilityTable_LtoL
          7Zip     Mfc1     Mfc2     Compar   Ppmz    
 7Zip    0.000000 2.485981 2.186916 3.747663 2.130841 
 Mfc1    2.485981 0.000000 0.803738 4.626168 1.102804 
 Mfc2    2.186916 0.803738 0.000000 4.570094 0.971963 
 Compar  3.747663 4.626168 4.570094 0.000000 4.532710 
 Ppmz    2.130841 1.102804 0.971963 4.532710 0.000000 


new_compatibilityTable_LtoL
          7Zip     Mfc1     Mfc2     Compar   Ppmz    
 7Zip    0.000000 0.155374 0.136682 0.234229 0.133178 
 Mfc1    0.155374 0.000000 0.050234 0.289136 0.068925 
 Mfc2    0.136682 0.050234 0.000000 0.285631 0.060748 
 Compar  0.234229 0.289136 0.285631 0.000000 0.283294 
 Ppmz    0.133178 0.068925 0.060748 0.283294 0.000000 


