compatibilityTable_LtoL
          7Zip     Mfc1     Mfc2     Compar   Ppmz    
 7Zip    0.000000 2.456522 2.217391 3.746377 1.992754 
 Mfc1    2.456522 0.000000 0.760870 4.630435 1.282609 
 Mfc2    2.217391 0.760870 0.000000 4.500000 1.086957 
 Compar  3.746377 4.630435 4.500000 0.000000 4.384058 
 Ppmz    1.992754 1.282609 1.086957 4.384058 0.000000 


new_compatibilityTable_LtoL
          7Zip     Mfc1     Mfc2     Compar   Ppmz    
 7Zip    0.000000 0.153533 0.138587 0.234149 0.124547 
 Mfc1    0.153533 0.000000 0.047554 0.289402 0.080163 
 Mfc2    0.138587 0.047554 0.000000 0.281250 0.067935 
 Compar  0.234149 0.289402 0.281250 0.000000 0.274004 
 Ppmz    0.124547 0.080163 0.067935 0.274004 0.000000 


