compatibilityTable_LtoL
          7Zip     Mfc1     Mfc2     Compar   Ppmz    
 7Zip    0.000000 2.446043 2.215827 3.755396 1.992806 
 Mfc1    2.446043 0.000000 0.762590 4.640288 1.280576 
 Mfc2    2.215827 0.762590 0.000000 4.510791 1.093525 
 Compar  3.755396 4.640288 4.510791 0.000000 4.388489 
 Ppmz    1.992806 1.280576 1.093525 4.388489 0.000000 


new_compatibilityTable_LtoL
          7Zip     Mfc1     Mfc2     Compar   Ppmz    
 7Zip    0.000000 0.152878 0.138489 0.234712 0.124550 
 Mfc1    0.152878 0.000000 0.047662 0.290018 0.080036 
 Mfc2    0.138489 0.047662 0.000000 0.281924 0.068345 
 Compar  0.234712 0.290018 0.281924 0.000000 0.274281 
 Ppmz    0.124550 0.080036 0.068345 0.274281 0.000000 


