compatibilityTable_LtoL
          7Zip     Mfc1     Mfc2     Compar   Ppmz    
 7Zip    0.000000 1.809524 1.428571 4.428571 1.333333 
 Mfc1    1.809524 0.000000 1.047619 4.333333 1.238095 
 Mfc2    1.428571 1.047619 0.000000 4.428571 0.761905 
 Compar  4.428571 4.333333 4.428571 0.000000 4.238095 
 Ppmz    1.333333 1.238095 0.761905 4.238095 0.000000 


new_compatibilityTable_LtoL
          7Zip     Mfc1     Mfc2     Compar   Ppmz    
 7Zip    0.000000 0.113095 0.089286 0.276786 0.083333 
 Mfc1    0.113095 0.000000 0.065476 0.270833 0.077381 
 Mfc2    0.089286 0.065476 0.000000 0.276786 0.047619 
 Compar  0.276786 0.270833 0.276786 0.000000 0.264881 
 Ppmz    0.083333 0.077381 0.047619 0.264881 0.000000 


