compatibilityTable_LtoL
          7Zip     Mfc1     Mfc2     Compar   Ppmz    
 7Zip    0.000000 2.483516 2.241758 3.776557 2.014652 
 Mfc1    2.483516 0.000000 0.769231 4.670330 1.296703 
 Mfc2    2.241758 0.769231 0.000000 4.538462 1.098901 
 Compar  3.776557 4.670330 4.538462 0.000000 4.421246 
 Ppmz    2.014652 1.296703 1.098901 4.421246 0.000000 


new_compatibilityTable_LtoL
          7Zip     Mfc1     Mfc2     Compar   Ppmz    
 7Zip    0.000000 0.155220 0.140110 0.236035 0.125916 
 Mfc1    0.155220 0.000000 0.048077 0.291896 0.081044 
 Mfc2    0.140110 0.048077 0.000000 0.283654 0.068681 
 Compar  0.236035 0.291896 0.283654 0.000000 0.276328 
 Ppmz    0.125916 0.081044 0.068681 0.276328 0.000000 


