compatibilityTable_LtoL
          7Zip     Mfc1     Mfc2     Compar   Ppmz    
 7Zip    0.000000 2.153846 1.538462 4.846154 1.230769 
 Mfc1    2.153846 0.000000 1.692308 4.538462 1.538462 
 Mfc2    1.538462 1.692308 0.000000 4.692307 0.769231 
 Compar  4.846154 4.538462 4.692307 0.000000 4.384615 
 Ppmz    1.230769 1.538462 0.769231 4.384615 0.000000 


new_compatibilityTable_LtoL
          7Zip     Mfc1     Mfc2     Compar   Ppmz    
 7Zip    0.000000 0.134615 0.096154 0.302885 0.076923 
 Mfc1    0.134615 0.000000 0.105769 0.283654 0.096154 
 Mfc2    0.096154 0.105769 0.000000 0.293269 0.048077 
 Compar  0.302885 0.283654 0.293269 0.000000 0.274038 
 Ppmz    0.076923 0.096154 0.048077 0.274038 0.000000 


