compatibilityTable_LtoL
          7Zip     Mfc1     Mfc2     Compar   Ppmz    
 7Zip    0.000000 2.468085 2.297872 3.478723 2.159575 
 Mfc1    2.468085 0.000000 0.712766 4.361702 1.212766 
 Mfc2    2.297872 0.712766 0.000000 4.276596 1.085106 
 Compar  3.478723 4.361702 4.276596 0.000000 4.180851 
 Ppmz    2.159575 1.212766 1.085106 4.180851 0.000000 


new_compatibilityTable_LtoL
          7Zip     Mfc1     Mfc2     Compar   Ppmz    
 7Zip    0.000000 0.154255 0.143617 0.217420 0.134973 
 Mfc1    0.154255 0.000000 0.044548 0.272606 0.075798 
 Mfc2    0.143617 0.044548 0.000000 0.267287 0.067819 
 Compar  0.217420 0.272606 0.267287 0.000000 0.261303 
 Ppmz    0.134973 0.075798 0.067819 0.261303 0.000000 


