compatibilityTable_LtoL
          7Zip     Mfc1     Mfc2     Compar   Ppmz    
 7Zip    0.000000 2.383838 2.168350 3.686869 1.939394 
 Mfc1    2.383838 0.000000 0.727273 4.535354 1.218855 
 Mfc2    2.168350 0.727273 0.000000 4.420876 1.043771 
 Compar  3.686869 4.535354 4.420876 0.000000 4.313131 
 Ppmz    1.939394 1.218855 1.043771 4.313131 0.000000 


new_compatibilityTable_LtoL
          7Zip     Mfc1     Mfc2     Compar   Ppmz    
 7Zip    0.000000 0.148990 0.135522 0.230429 0.121212 
 Mfc1    0.148990 0.000000 0.045455 0.283460 0.076178 
 Mfc2    0.135522 0.045455 0.000000 0.276305 0.065236 
 Compar  0.230429 0.283460 0.276305 0.000000 0.269571 
 Ppmz    0.121212 0.076178 0.065236 0.269571 0.000000 


