compatibilityTable_LtoL
          7Zip     Mfc1     Mfc2     Compar   Ppmz    
 7Zip    0.000000 2.263158 2.114035 3.543860 1.956140 
 Mfc1    2.263158 0.000000 0.728070 4.394737 1.192982 
 Mfc2    2.114035 0.728070 0.000000 4.298245 1.052632 
 Compar  3.543860 4.394737 4.298245 0.000000 4.201755 
 Ppmz    1.956140 1.192982 1.052632 4.201755 0.000000 


new_compatibilityTable_LtoL
          7Zip     Mfc1     Mfc2     Compar   Ppmz    
 7Zip    0.000000 0.141447 0.132127 0.221491 0.122259 
 Mfc1    0.141447 0.000000 0.045504 0.274671 0.074561 
 Mfc2    0.132127 0.045504 0.000000 0.268640 0.065789 
 Compar  0.221491 0.274671 0.268640 0.000000 0.262610 
 Ppmz    0.122259 0.074561 0.065789 0.262610 0.000000 


