compatibilityTable_LtoL
          7Zip     Mfc1     Mfc2     Compar   Ppmz    
 7Zip    0.000000 2.423729 2.152542 3.796610 2.016949 
 Mfc1    2.423729 0.000000 0.830508 4.677966 1.152542 
 Mfc2    2.152542 0.830508 0.000000 4.593220 0.983051 
 Compar  3.796610 4.677966 4.593220 0.000000 4.525424 
 Ppmz    2.016949 1.152542 0.983051 4.525424 0.000000 


new_compatibilityTable_LtoL
          7Zip     Mfc1     Mfc2     Compar   Ppmz    
 7Zip    0.000000 0.151483 0.134534 0.237288 0.126059 
 Mfc1    0.151483 0.000000 0.051907 0.292373 0.072034 
 Mfc2    0.134534 0.051907 0.000000 0.287076 0.061441 
 Compar  0.237288 0.292373 0.287076 0.000000 0.282839 
 Ppmz    0.126059 0.072034 0.061441 0.282839 0.000000 


