compatibilityTable_LtoL
          7Zip     Mfc1     Mfc2     Compar   Ppmz    
 7Zip    0.000000 2.376812 2.130435 3.652174 1.985507 
 Mfc1    2.376812 0.000000 0.724638 4.478261 1.072464 
 Mfc2    2.130435 0.724638 0.000000 4.391304 0.913043 
 Compar  3.652174 4.478261 4.391304 0.000000 4.289855 
 Ppmz    1.985507 1.072464 0.913043 4.289855 0.000000 


new_compatibilityTable_LtoL
          7Zip     Mfc1     Mfc2     Compar   Ppmz    
 7Zip    0.000000 0.148551 0.133152 0.228261 0.124094 
 Mfc1    0.148551 0.000000 0.045290 0.279891 0.067029 
 Mfc2    0.133152 0.045290 0.000000 0.274457 0.057065 
 Compar  0.228261 0.279891 0.274457 0.000000 0.268116 
 Ppmz    0.124094 0.067029 0.057065 0.268116 0.000000 


