compatibilityTable_LtoL
          7Zip     Mfc1     Mfc2     Compar   Ppmz    
 7Zip    0.000000 2.575000 2.325000 3.725000 2.275000 
 Mfc1    2.575000 0.000000 0.700000 4.550000 1.050000 
 Mfc2    2.325000 0.700000 0.000000 4.575000 1.000000 
 Compar  3.725000 4.550000 4.575000 0.000000 4.500000 
 Ppmz    2.275000 1.050000 1.000000 4.500000 0.000000 


new_compatibilityTable_LtoL
          7Zip     Mfc1     Mfc2     Compar   Ppmz    
 7Zip    0.000000 0.160938 0.145313 0.232812 0.142188 
 Mfc1    0.160938 0.000000 0.043750 0.284375 0.065625 
 Mfc2    0.145313 0.043750 0.000000 0.285937 0.062500 
 Compar  0.232812 0.284375 0.285937 0.000000 0.281250 
 Ppmz    0.142188 0.065625 0.062500 0.281250 0.000000 


