compatibilityTable_LtoL
          7Zip     Mfc1     Mfc2     Compar   Ppmz    
 7Zip    0.000000 2.377143 2.205714 3.480000 2.034286 
 Mfc1    2.377143 0.000000 0.720000 4.257143 1.154286 
 Mfc2    2.205714 0.720000 0.000000 4.188571 1.005714 
 Compar  3.480000 4.257143 4.188571 0.000000 4.074286 
 Ppmz    2.034286 1.154286 1.005714 4.074286 0.000000 


new_compatibilityTable_LtoL
          7Zip     Mfc1     Mfc2     Compar   Ppmz    
 7Zip    0.000000 0.148571 0.137857 0.217500 0.127143 
 Mfc1    0.148571 0.000000 0.045000 0.266071 0.072143 
 Mfc2    0.137857 0.045000 0.000000 0.261786 0.062857 
 Compar  0.217500 0.266071 0.261786 0.000000 0.254643 
 Ppmz    0.127143 0.072143 0.062857 0.254643 0.000000 


