compatibilityTable_LtoL
          7Zip     Mfc1     Mfc2     Compar   Ppmz    
 7Zip    0.000000 2.477876 2.159292 3.831858 2.053097 
 Mfc1    2.477876 0.000000 0.831858 4.699115 1.132743 
 Mfc2    2.159292 0.831858 0.000000 4.646018 0.973451 
 Compar  3.831858 4.699115 4.646018 0.000000 4.592920 
 Ppmz    2.053097 1.132743 0.973451 4.592920 0.000000 


new_compatibilityTable_LtoL
          7Zip     Mfc1     Mfc2     Compar   Ppmz    
 7Zip    0.000000 0.154867 0.134956 0.239491 0.128319 
 Mfc1    0.154867 0.000000 0.051991 0.293695 0.070796 
 Mfc2    0.134956 0.051991 0.000000 0.290376 0.060841 
 Compar  0.239491 0.293695 0.290376 0.000000 0.287058 
 Ppmz    0.128319 0.070796 0.060841 0.287058 0.000000 


