compatibilityTable_LtoL
          7Zip     Mfc1     Mfc2     Compar   Ppmz    
 7Zip    0.000000 2.482143 2.160714 3.839286 2.053571 
 Mfc1    2.482143 0.000000 0.839286 4.696429 1.142857 
 Mfc2    2.160714 0.839286 0.000000 4.642857 0.982143 
 Compar  3.839286 4.696429 4.642857 0.000000 4.589286 
 Ppmz    2.053571 1.142857 0.982143 4.589286 0.000000 


new_compatibilityTable_LtoL
          7Zip     Mfc1     Mfc2     Compar   Ppmz    
 7Zip    0.000000 0.155134 0.135045 0.239955 0.128348 
 Mfc1    0.155134 0.000000 0.052455 0.293527 0.071429 
 Mfc2    0.135045 0.052455 0.000000 0.290179 0.061384 
 Compar  0.239955 0.293527 0.290179 0.000000 0.286830 
 Ppmz    0.128348 0.071429 0.061384 0.286830 0.000000 


