compatibilityTable_LtoL
          7Zip     Mfc1     Mfc2     Compar   Ppmz    
 7Zip    0.000000 2.419580 2.202797 3.727273 1.979021 
 Mfc1    2.419580 0.000000 0.748252 4.622377 1.244755 
 Mfc2    2.202797 0.748252 0.000000 4.496503 1.069930 
 Compar  3.727273 4.622377 4.496503 0.000000 4.377623 
 Ppmz    1.979021 1.244755 1.069930 4.377623 0.000000 


new_compatibilityTable_LtoL
          7Zip     Mfc1     Mfc2     Compar   Ppmz    
 7Zip    0.000000 0.151224 0.137675 0.232955 0.123689 
 Mfc1    0.151224 0.000000 0.046766 0.288899 0.077797 
 Mfc2    0.137675 0.046766 0.000000 0.281031 0.066871 
 Compar  0.232955 0.288899 0.281031 0.000000 0.273601 
 Ppmz    0.123689 0.077797 0.066871 0.273601 0.000000 


