compatibilityTable_LtoL
          7Zip     Mfc1     Mfc2     Compar   Ppmz    
 7Zip    0.000000 2.273128 2.123348 3.528634 1.964758 
 Mfc1    2.273128 0.000000 0.731278 4.383260 1.198238 
 Mfc2    2.123348 0.731278 0.000000 4.286344 1.057269 
 Compar  3.528634 4.383260 4.286344 0.000000 4.189427 
 Ppmz    1.964758 1.198238 1.057269 4.189427 0.000000 


new_compatibilityTable_LtoL
          7Zip     Mfc1     Mfc2     Compar   Ppmz    
 7Zip    0.000000 0.142070 0.132709 0.220540 0.122797 
 Mfc1    0.142070 0.000000 0.045705 0.273954 0.074890 
 Mfc2    0.132709 0.045705 0.000000 0.267896 0.066079 
 Compar  0.220540 0.273954 0.267896 0.000000 0.261839 
 Ppmz    0.122797 0.074890 0.066079 0.261839 0.000000 


