compatibilityTable_LtoL
          7Zip     Mfc1     Mfc2     Compar   Ppmz    
 7Zip    0.000000 2.556701 2.288660 3.845361 2.206186 
 Mfc1    2.556701 0.000000 0.804124 4.793815 1.134021 
 Mfc2    2.288660 0.804124 0.000000 4.752577 1.010309 
 Compar  3.845361 4.793815 4.752577 0.000000 4.670103 
 Ppmz    2.206186 1.134021 1.010309 4.670103 0.000000 


new_compatibilityTable_LtoL
          7Zip     Mfc1     Mfc2     Compar   Ppmz    
 7Zip    0.000000 0.159794 0.143041 0.240335 0.137887 
 Mfc1    0.159794 0.000000 0.050258 0.299613 0.070876 
 Mfc2    0.143041 0.050258 0.000000 0.297036 0.063144 
 Compar  0.240335 0.299613 0.297036 0.000000 0.291881 
 Ppmz    0.137887 0.070876 0.063144 0.291881 0.000000 


