compatibilityTable_LtoL
          7Zip     Mfc1     Mfc2     Compar   Ppmz    
 7Zip    0.000000 2.477064 2.146789 3.752294 2.091743 
 Mfc1    2.477064 0.000000 0.825688 4.633028 1.119266 
 Mfc2    2.146789 0.825688 0.000000 4.559633 0.954128 
 Compar  3.752294 4.633028 4.559633 0.000000 4.522936 
 Ppmz    2.091743 1.119266 0.954128 4.522936 0.000000 


new_compatibilityTable_LtoL
          7Zip     Mfc1     Mfc2     Compar   Ppmz    
 7Zip    0.000000 0.154817 0.134174 0.234518 0.130734 
 Mfc1    0.154817 0.000000 0.051606 0.289564 0.069954 
 Mfc2    0.134174 0.051606 0.000000 0.284977 0.059633 
 Compar  0.234518 0.289564 0.284977 0.000000 0.282683 
 Ppmz    0.130734 0.069954 0.059633 0.282683 0.000000 


