compatibilityTable_LtoL
          7Zip     Mfc1     Mfc2     Compar   Ppmz    
 7Zip    0.000000 2.216216 1.837838 3.864865 1.837838 
 Mfc1    2.216216 0.000000 0.810811 4.297297 1.135135 
 Mfc2    1.837838 0.810811 0.000000 4.351351 0.810811 
 Compar  3.864865 4.297297 4.351351 0.000000 4.189189 
 Ppmz    1.837838 1.135135 0.810811 4.189189 0.000000 


new_compatibilityTable_LtoL
          7Zip     Mfc1     Mfc2     Compar   Ppmz    
 7Zip    0.000000 0.138514 0.114865 0.241554 0.114865 
 Mfc1    0.138514 0.000000 0.050676 0.268581 0.070946 
 Mfc2    0.114865 0.050676 0.000000 0.271959 0.050676 
 Compar  0.241554 0.268581 0.271959 0.000000 0.261824 
 Ppmz    0.114865 0.070946 0.050676 0.261824 0.000000 


