compatibilityTable_LtoL
          7Zip     Mfc1     Mfc2     Compar   Ppmz    
 7Zip    0.000000 2.418033 2.237705 3.737705 2.032787 
 Mfc1    2.418033 0.000000 0.745902 4.581967 1.262295 
 Mfc2    2.237705 0.745902 0.000000 4.483606 1.106557 
 Compar  3.737705 4.581967 4.483606 0.000000 4.393443 
 Ppmz    2.032787 1.262295 1.106557 4.393443 0.000000 


new_compatibilityTable_LtoL
          7Zip     Mfc1     Mfc2     Compar   Ppmz    
 7Zip    0.000000 0.151127 0.139857 0.233607 0.127049 
 Mfc1    0.151127 0.000000 0.046619 0.286373 0.078893 
 Mfc2    0.139857 0.046619 0.000000 0.280225 0.069160 
 Compar  0.233607 0.286373 0.280225 0.000000 0.274590 
 Ppmz    0.127049 0.078893 0.069160 0.274590 0.000000 


