compatibilityTable_LtoL
          7Zip     Mfc1     Mfc2     Compar   Ppmz    
 7Zip    0.000000 2.366197 2.126760 3.633803 1.985916 
 Mfc1    2.366197 0.000000 0.732394 4.408451 1.084507 
 Mfc2    2.126760 0.732394 0.000000 4.323944 0.929577 
 Compar  3.633803 4.408451 4.323944 0.000000 4.211267 
 Ppmz    1.985916 1.084507 0.929577 4.211267 0.000000 


new_compatibilityTable_LtoL
          7Zip     Mfc1     Mfc2     Compar   Ppmz    
 7Zip    0.000000 0.147887 0.132923 0.227113 0.124120 
 Mfc1    0.147887 0.000000 0.045775 0.275528 0.067782 
 Mfc2    0.132923 0.045775 0.000000 0.270246 0.058099 
 Compar  0.227113 0.275528 0.270246 0.000000 0.263204 
 Ppmz    0.124120 0.067782 0.058099 0.263204 0.000000 


