compatibilityTable_LtoL
          7Zip     Mfc1     Mfc2     Compar   Ppmz    
 7Zip    0.000000 2.277778 2.111111 3.500000 1.972222 
 Mfc1    2.277778 0.000000 0.685185 4.351852 1.148148 
 Mfc2    2.111111 0.685185 0.000000 4.277778 0.990741 
 Compar  3.500000 4.351852 4.277778 0.000000 4.157407 
 Ppmz    1.972222 1.148148 0.990741 4.157407 0.000000 


new_compatibilityTable_LtoL
          7Zip     Mfc1     Mfc2     Compar   Ppmz    
 7Zip    0.000000 0.142361 0.131944 0.218750 0.123264 
 Mfc1    0.142361 0.000000 0.042824 0.271991 0.071759 
 Mfc2    0.131944 0.042824 0.000000 0.267361 0.061921 
 Compar  0.218750 0.271991 0.267361 0.000000 0.259838 
 Ppmz    0.123264 0.071759 0.061921 0.259838 0.000000 


