compatibilityTable_LtoL
          7Zip     Mfc1     Mfc2     Compar   Ppmz    
 7Zip    0.000000 2.322148 2.093960 3.563758 1.946309 
 Mfc1    2.322148 0.000000 0.738255 4.315436 1.087248 
 Mfc2    2.093960 0.738255 0.000000 4.234900 0.939597 
 Compar  3.563758 4.315436 4.234900 0.000000 4.100671 
 Ppmz    1.946309 1.087248 0.939597 4.100671 0.000000 


new_compatibilityTable_LtoL
          7Zip     Mfc1     Mfc2     Compar   Ppmz    
 7Zip    0.000000 0.145134 0.130872 0.222735 0.121644 
 Mfc1    0.145134 0.000000 0.046141 0.269715 0.067953 
 Mfc2    0.130872 0.046141 0.000000 0.264681 0.058725 
 Compar  0.222735 0.269715 0.264681 0.000000 0.256292 
 Ppmz    0.121644 0.067953 0.058725 0.256292 0.000000 


