compatibilityTable_LtoL
          7Zip     Mfc1     Mfc2     Compar   Ppmz    
 7Zip    0.000000 2.309859 2.140845 3.478873 2.000000 
 Mfc1    2.309859 0.000000 0.694836 4.342723 1.164319 
 Mfc2    2.140845 0.694836 0.000000 4.267606 1.004695 
 Compar  3.478873 4.342723 4.267606 0.000000 4.145540 
 Ppmz    2.000000 1.164319 1.004695 4.145540 0.000000 


new_compatibilityTable_LtoL
          7Zip     Mfc1     Mfc2     Compar   Ppmz    
 7Zip    0.000000 0.144366 0.133803 0.217430 0.125000 
 Mfc1    0.144366 0.000000 0.043427 0.271420 0.072770 
 Mfc2    0.133803 0.043427 0.000000 0.266725 0.062793 
 Compar  0.217430 0.271420 0.266725 0.000000 0.259096 
 Ppmz    0.125000 0.072770 0.062793 0.259096 0.000000 


