compatibilityTable_LtoL
          7Zip     Mfc1     Mfc2     Compar   Ppmz    
 7Zip    0.000000 2.564103 2.307692 3.692308 2.205128 
 Mfc1    2.564103 0.000000 0.717949 4.512821 1.025641 
 Mfc2    2.307692 0.717949 0.000000 4.538462 0.974359 
 Compar  3.692308 4.512821 4.538462 0.000000 4.435897 
 Ppmz    2.205128 1.025641 0.974359 4.435897 0.000000 


new_compatibilityTable_LtoL
          7Zip     Mfc1     Mfc2     Compar   Ppmz    
 7Zip    0.000000 0.160256 0.144231 0.230769 0.137821 
 Mfc1    0.160256 0.000000 0.044872 0.282051 0.064103 
 Mfc2    0.144231 0.044872 0.000000 0.283654 0.060897 
 Compar  0.230769 0.282051 0.283654 0.000000 0.277244 
 Ppmz    0.137821 0.064103 0.060897 0.277244 0.000000 


