compatibilityTable_LtoL
          7Zip     Mfc1     Mfc2     Compar   Ppmz    
 7Zip    0.000000 2.333333 2.171429 3.457143 2.028571 
 Mfc1    2.333333 0.000000 0.695238 4.323810 1.171429 
 Mfc2    2.171429 0.695238 0.000000 4.257143 1.019048 
 Compar  3.457143 4.323810 4.257143 0.000000 4.133333 
 Ppmz    2.028571 1.171429 1.019048 4.133333 0.000000 


new_compatibilityTable_LtoL
          7Zip     Mfc1     Mfc2     Compar   Ppmz    
 7Zip    0.000000 0.145833 0.135714 0.216071 0.126786 
 Mfc1    0.145833 0.000000 0.043452 0.270238 0.073214 
 Mfc2    0.135714 0.043452 0.000000 0.266071 0.063690 
 Compar  0.216071 0.270238 0.266071 0.000000 0.258333 
 Ppmz    0.126786 0.073214 0.063690 0.258333 0.000000 


