compatibilityTable_LtoL
          7Zip     Mfc1     Mfc2     Compar   Ppmz    
 7Zip    0.000000 2.365482 2.213198 3.477157 2.081218 
 Mfc1    2.365482 0.000000 0.690355 4.329949 1.167513 
 Mfc2    2.213198 0.690355 0.000000 4.248731 1.045685 
 Compar  3.477157 4.329949 4.248731 0.000000 4.147208 
 Ppmz    2.081218 1.167513 1.045685 4.147208 0.000000 


new_compatibilityTable_LtoL
          7Zip     Mfc1     Mfc2     Compar   Ppmz    
 7Zip    0.000000 0.147843 0.138325 0.217322 0.130076 
 Mfc1    0.147843 0.000000 0.043147 0.270622 0.072970 
 Mfc2    0.138325 0.043147 0.000000 0.265546 0.065355 
 Compar  0.217322 0.270622 0.265546 0.000000 0.259201 
 Ppmz    0.130076 0.072970 0.065355 0.259201 0.000000 


