compatibilityTable_LtoL
          7Zip     Mfc1     Mfc2     Compar   Ppmz    
 7Zip    0.000000 2.344828 2.160919 3.471264 1.988506 
 Mfc1    2.344828 0.000000 0.712644 4.241379 1.126437 
 Mfc2    2.160919 0.712644 0.000000 4.160920 0.988506 
 Compar  3.471264 4.241379 4.160920 0.000000 4.045977 
 Ppmz    1.988506 1.126437 0.988506 4.045977 0.000000 


new_compatibilityTable_LtoL
          7Zip     Mfc1     Mfc2     Compar   Ppmz    
 7Zip    0.000000 0.146552 0.135057 0.216954 0.124282 
 Mfc1    0.146552 0.000000 0.044540 0.265086 0.070402 
 Mfc2    0.135057 0.044540 0.000000 0.260057 0.061782 
 Compar  0.216954 0.265086 0.260057 0.000000 0.252874 
 Ppmz    0.124282 0.070402 0.061782 0.252874 0.000000 


