compatibilityTable_LtoL
          7Zip     Mfc1     Mfc2     Compar   Ppmz    
 7Zip    0.000000 2.358382 2.173410 3.485549 2.000000 
 Mfc1    2.358382 0.000000 0.716763 4.260116 1.132948 
 Mfc2    2.173410 0.716763 0.000000 4.179191 0.994220 
 Compar  3.485549 4.260116 4.179191 0.000000 4.063584 
 Ppmz    2.000000 1.132948 0.994220 4.063584 0.000000 


new_compatibilityTable_LtoL
          7Zip     Mfc1     Mfc2     Compar   Ppmz    
 7Zip    0.000000 0.147399 0.135838 0.217847 0.125000 
 Mfc1    0.147399 0.000000 0.044798 0.266257 0.070809 
 Mfc2    0.135838 0.044798 0.000000 0.261199 0.062139 
 Compar  0.217847 0.266257 0.261199 0.000000 0.253974 
 Ppmz    0.125000 0.070809 0.062139 0.253974 0.000000 


