compatibilityTable_LtoL
          7Zip     Mfc1     Mfc2     Compar   Ppmz    
 7Zip    0.000000 2.511111 2.288889 3.911111 2.222222 
 Mfc1    2.511111 0.000000 0.777778 4.755556 1.022222 
 Mfc2    2.288889 0.777778 0.000000 4.755556 0.977778 
 Compar  3.911111 4.755556 4.755556 0.000000 4.688889 
 Ppmz    2.222222 1.022222 0.977778 4.688889 0.000000 


new_compatibilityTable_LtoL
          7Zip     Mfc1     Mfc2     Compar   Ppmz    
 7Zip    0.000000 0.156944 0.143056 0.244444 0.138889 
 Mfc1    0.156944 0.000000 0.048611 0.297222 0.063889 
 Mfc2    0.143056 0.048611 0.000000 0.297222 0.061111 
 Compar  0.244444 0.297222 0.297222 0.000000 0.293056 
 Ppmz    0.138889 0.063889 0.061111 0.293056 0.000000 


