compatibilityTable_LtoL
          7Zip     Mfc1     Mfc2     Compar   Ppmz    
 7Zip    0.000000 2.459677 2.274194 3.806452 2.064516 
 Mfc1    2.459677 0.000000 0.741935 4.653226 1.258065 
 Mfc2    2.274194 0.741935 0.000000 4.556452 1.112903 
 Compar  3.806452 4.653226 4.556452 0.000000 4.459677 
 Ppmz    2.064516 1.258065 1.112903 4.459677 0.000000 


new_compatibilityTable_LtoL
          7Zip     Mfc1     Mfc2     Compar   Ppmz    
 7Zip    0.000000 0.153730 0.142137 0.237903 0.129032 
 Mfc1    0.153730 0.000000 0.046371 0.290827 0.078629 
 Mfc2    0.142137 0.046371 0.000000 0.284778 0.069556 
 Compar  0.237903 0.290827 0.284778 0.000000 0.278730 
 Ppmz    0.129032 0.078629 0.069556 0.278730 0.000000 


