compatibilityTable_LtoL
          7Zip     Mfc1     Mfc2     Compar   Ppmz    
 7Zip    0.000000 2.514286 2.209524 3.780952 2.171429 
 Mfc1    2.514286 0.000000 0.819048 4.695238 1.104762 
 Mfc2    2.209524 0.819048 0.000000 4.638095 0.971429 
 Compar  3.780952 4.695238 4.638095 0.000000 4.580952 
 Ppmz    2.171429 1.104762 0.971429 4.580952 0.000000 


new_compatibilityTable_LtoL
          7Zip     Mfc1     Mfc2     Compar   Ppmz    
 7Zip    0.000000 0.157143 0.138095 0.236310 0.135714 
 Mfc1    0.157143 0.000000 0.051190 0.293452 0.069048 
 Mfc2    0.138095 0.051190 0.000000 0.289881 0.060714 
 Compar  0.236310 0.293452 0.289881 0.000000 0.286310 
 Ppmz    0.135714 0.069048 0.060714 0.286310 0.000000 


