compatibilityTable_LtoL
          7Zip     Mfc1     Mfc2     Compar   Ppmz    
 7Zip    0.000000 2.200000 1.850000 3.800000 1.850000 
 Mfc1    2.200000 0.000000 0.750000 4.350000 1.050000 
 Mfc2    1.850000 0.750000 0.000000 4.400000 0.750000 
 Compar  3.800000 4.350000 4.400000 0.000000 4.250000 
 Ppmz    1.850000 1.050000 0.750000 4.250000 0.000000 


new_compatibilityTable_LtoL
          7Zip     Mfc1     Mfc2     Compar   Ppmz    
 7Zip    0.000000 0.137500 0.115625 0.237500 0.115625 
 Mfc1    0.137500 0.000000 0.046875 0.271875 0.065625 
 Mfc2    0.115625 0.046875 0.000000 0.275000 0.046875 
 Compar  0.237500 0.271875 0.275000 0.000000 0.265625 
 Ppmz    0.115625 0.065625 0.046875 0.265625 0.000000 


