compatibilityTable_LtoL
          7Zip     Mfc1     Mfc2     Compar   Ppmz    
 7Zip    0.000000 2.800000 2.400000 4.600000 2.400000 
 Mfc1    2.800000 0.000000 1.600000 4.200000 2.000000 
 Mfc2    2.400000 1.600000 0.000000 4.600000 1.200000 
 Compar  4.600000 4.200000 4.600000 0.000000 3.800000 
 Ppmz    2.400000 2.000000 1.200000 3.800000 0.000000 


new_compatibilityTable_LtoL
          7Zip     Mfc1     Mfc2     Compar   Ppmz    
 7Zip    0.000000 0.175000 0.150000 0.287500 0.150000 
 Mfc1    0.175000 0.000000 0.100000 0.262500 0.125000 
 Mfc2    0.150000 0.100000 0.000000 0.287500 0.075000 
 Compar  0.287500 0.262500 0.287500 0.000000 0.237500 
 Ppmz    0.150000 0.125000 0.075000 0.237500 0.000000 


