compatibilityTable_LtoL
          7Zip     Mfc1     Mfc2     Compar   Ppmz    
 7Zip    0.000000 2.515385 2.284615 3.823077 2.069231 
 Mfc1    2.515385 0.000000 0.761538 4.700000 1.276923 
 Mfc2    2.284615 0.761538 0.000000 4.576923 1.100000 
 Compar  3.823077 4.700000 4.576923 0.000000 4.476923 
 Ppmz    2.069231 1.276923 1.100000 4.476923 0.000000 


new_compatibilityTable_LtoL
          7Zip     Mfc1     Mfc2     Compar   Ppmz    
 7Zip    0.000000 0.157212 0.142788 0.238942 0.129327 
 Mfc1    0.157212 0.000000 0.047596 0.293750 0.079808 
 Mfc2    0.142788 0.047596 0.000000 0.286058 0.068750 
 Compar  0.238942 0.293750 0.286058 0.000000 0.279808 
 Ppmz    0.129327 0.079808 0.068750 0.279808 0.000000 


