compatibilityTable_LtoL
          7Zip     Mfc1     Mfc2     Compar   Ppmz    
 7Zip    0.000000 1.909091 1.545455 4.272727 1.454545 
 Mfc1    1.909091 0.000000 1.000000 4.363636 1.181818 
 Mfc2    1.545455 1.000000 0.000000 4.454545 0.727273 
 Compar  4.272727 4.363636 4.454545 0.000000 4.272727 
 Ppmz    1.454545 1.181818 0.727273 4.272727 0.000000 


new_compatibilityTable_LtoL
          7Zip     Mfc1     Mfc2     Compar   Ppmz    
 7Zip    0.000000 0.119318 0.096591 0.267045 0.090909 
 Mfc1    0.119318 0.000000 0.062500 0.272727 0.073864 
 Mfc2    0.096591 0.062500 0.000000 0.278409 0.045455 
 Compar  0.267045 0.272727 0.278409 0.000000 0.267045 
 Ppmz    0.090909 0.073864 0.045455 0.267045 0.000000 


