compatibilityTable_LtoL
          7Zip     Mfc1     Mfc2     Compar   Ppmz    
 7Zip    0.000000 2.469274 2.279330 3.502793 2.111732 
 Mfc1    2.469274 0.000000 0.737430 4.318436 1.173184 
 Mfc2    2.279330 0.737430 0.000000 4.217877 1.027933 
 Compar  3.502793 4.318436 4.217877 0.000000 4.128491 
 Ppmz    2.111732 1.173184 1.027933 4.128491 0.000000 


new_compatibilityTable_LtoL
          7Zip     Mfc1     Mfc2     Compar   Ppmz    
 7Zip    0.000000 0.154330 0.142458 0.218925 0.131983 
 Mfc1    0.154330 0.000000 0.046089 0.269902 0.073324 
 Mfc2    0.142458 0.046089 0.000000 0.263617 0.064246 
 Compar  0.218925 0.269902 0.263617 0.000000 0.258031 
 Ppmz    0.131983 0.073324 0.064246 0.258031 0.000000 


