compatibilityTable_LtoL
          7Zip     Mfc1     Mfc2     Compar   Ppmz    
 7Zip    0.000000 2.509653 2.285714 3.818533 2.069498 
 Mfc1    2.509653 0.000000 0.756757 4.698842 1.266409 
 Mfc2    2.285714 0.756757 0.000000 4.583012 1.096525 
 Compar  3.818533 4.698842 4.583012 0.000000 4.474904 
 Ppmz    2.069498 1.266409 1.096525 4.474904 0.000000 


new_compatibilityTable_LtoL
          7Zip     Mfc1     Mfc2     Compar   Ppmz    
 7Zip    0.000000 0.156853 0.142857 0.238658 0.129344 
 Mfc1    0.156853 0.000000 0.047297 0.293678 0.079151 
 Mfc2    0.142857 0.047297 0.000000 0.286438 0.068533 
 Compar  0.238658 0.293678 0.286438 0.000000 0.279681 
 Ppmz    0.129344 0.079151 0.068533 0.279681 0.000000 


