compatibilityTable_LtoL
          7Zip     Mfc1     Mfc2     Compar   Ppmz    
 7Zip    0.000000 2.431035 2.155172 3.827586 2.051724 
 Mfc1    2.431035 0.000000 0.844828 4.689655 1.137931 
 Mfc2    2.155172 0.844828 0.000000 4.603448 0.965517 
 Compar  3.827586 4.689655 4.603448 0.000000 4.568965 
 Ppmz    2.051724 1.137931 0.965517 4.568965 0.000000 


new_compatibilityTable_LtoL
          7Zip     Mfc1     Mfc2     Compar   Ppmz    
 7Zip    0.000000 0.151940 0.134698 0.239224 0.128233 
 Mfc1    0.151940 0.000000 0.052802 0.293103 0.071121 
 Mfc2    0.134698 0.052802 0.000000 0.287716 0.060345 
 Compar  0.239224 0.293103 0.287716 0.000000 0.285560 
 Ppmz    0.128233 0.071121 0.060345 0.285560 0.000000 


