compatibilityTable_LtoL
          7Zip     Mfc1     Mfc2     Compar   Ppmz    
 7Zip    0.000000 2.344498 2.181818 3.459330 2.038278 
 Mfc1    2.344498 0.000000 0.698565 4.330143 1.177034 
 Mfc2    2.181818 0.698565 0.000000 4.263158 1.023923 
 Compar  3.459330 4.330143 4.263158 0.000000 4.138756 
 Ppmz    2.038278 1.177034 1.023923 4.138756 0.000000 


new_compatibilityTable_LtoL
          7Zip     Mfc1     Mfc2     Compar   Ppmz    
 7Zip    0.000000 0.146531 0.136364 0.216208 0.127392 
 Mfc1    0.146531 0.000000 0.043660 0.270634 0.073565 
 Mfc2    0.136364 0.043660 0.000000 0.266447 0.063995 
 Compar  0.216208 0.270634 0.266447 0.000000 0.258672 
 Ppmz    0.127392 0.073565 0.063995 0.258672 0.000000 


