compatibilityTable_LtoL
          7Zip     Mfc1     Mfc2     Compar   Ppmz    
 7Zip    0.000000 2.545455 2.262626 3.808081 2.181818 
 Mfc1    2.545455 0.000000 0.828283 4.757576 1.151515 
 Mfc2    2.262626 0.828283 0.000000 4.717172 0.989899 
 Compar  3.808081 4.757576 4.717172 0.000000 4.636364 
 Ppmz    2.181818 1.151515 0.989899 4.636364 0.000000 


new_compatibilityTable_LtoL
          7Zip     Mfc1     Mfc2     Compar   Ppmz    
 7Zip    0.000000 0.159091 0.141414 0.238005 0.136364 
 Mfc1    0.159091 0.000000 0.051768 0.297348 0.071970 
 Mfc2    0.141414 0.051768 0.000000 0.294823 0.061869 
 Compar  0.238005 0.297348 0.294823 0.000000 0.289773 
 Ppmz    0.136364 0.071970 0.061869 0.289773 0.000000 


