compatibilityTable_LtoL
          7Zip     Mfc1     Mfc2     Compar   Ppmz    
 7Zip    0.000000 2.369863 2.136986 3.602740 1.986301 
 Mfc1    2.369863 0.000000 0.753425 4.369863 1.109589 
 Mfc2    2.136986 0.753425 0.000000 4.287671 0.958904 
 Compar  3.602740 4.369863 4.287671 0.000000 4.150685 
 Ppmz    1.986301 1.109589 0.958904 4.150685 0.000000 


new_compatibilityTable_LtoL
          7Zip     Mfc1     Mfc2     Compar   Ppmz    
 7Zip    0.000000 0.148116 0.133562 0.225171 0.124144 
 Mfc1    0.148116 0.000000 0.047089 0.273116 0.069349 
 Mfc2    0.133562 0.047089 0.000000 0.267979 0.059932 
 Compar  0.225171 0.273116 0.267979 0.000000 0.259418 
 Ppmz    0.124144 0.069349 0.059932 0.259418 0.000000 


