compatibilityTable_LtoL
          7Zip     Mfc1     Mfc2     Compar   Ppmz    
 7Zip    0.000000 2.222222 1.866667 3.711111 1.777778 
 Mfc1    2.222222 0.000000 0.755556 4.377778 1.111111 
 Mfc2    1.866667 0.755556 0.000000 4.333333 0.800000 
 Compar  3.711111 4.377778 4.333333 0.000000 4.200000 
 Ppmz    1.777778 1.111111 0.800000 4.200000 0.000000 


new_compatibilityTable_LtoL
          7Zip     Mfc1     Mfc2     Compar   Ppmz    
 7Zip    0.000000 0.138889 0.116667 0.231944 0.111111 
 Mfc1    0.138889 0.000000 0.047222 0.273611 0.069444 
 Mfc2    0.116667 0.047222 0.000000 0.270833 0.050000 
 Compar  0.231944 0.273611 0.270833 0.000000 0.262500 
 Ppmz    0.111111 0.069444 0.050000 0.262500 0.000000 


