compatibilityTable_LtoL
          7Zip     Mfc1     Mfc2     Compar   Ppmz    
 7Zip    0.000000 2.516854 2.292135 3.876405 2.224719 
 Mfc1    2.516854 0.000000 0.786517 4.707865 1.033708 
 Mfc2    2.292135 0.786517 0.000000 4.707865 0.988764 
 Compar  3.876405 4.707865 4.707865 0.000000 4.640450 
 Ppmz    2.224719 1.033708 0.988764 4.640450 0.000000 


new_compatibilityTable_LtoL
          7Zip     Mfc1     Mfc2     Compar   Ppmz    
 7Zip    0.000000 0.157303 0.143258 0.242275 0.139045 
 Mfc1    0.157303 0.000000 0.049157 0.294242 0.064607 
 Mfc2    0.143258 0.049157 0.000000 0.294242 0.061798 
 Compar  0.242275 0.294242 0.294242 0.000000 0.290028 
 Ppmz    0.139045 0.064607 0.061798 0.290028 0.000000 


