compatibilityTable_LtoL
          7Zip     Mfc1     Mfc2     Compar   Ppmz    
 7Zip    0.000000 2.475676 2.302703 3.464865 2.129730 
 Mfc1    2.475676 0.000000 0.724324 4.329730 1.156757 
 Mfc2    2.302703 0.724324 0.000000 4.243243 1.027027 
 Compar  3.464865 4.329730 4.243243 0.000000 4.135135 
 Ppmz    2.129730 1.156757 1.027027 4.135135 0.000000 


new_compatibilityTable_LtoL
          7Zip     Mfc1     Mfc2     Compar   Ppmz    
 7Zip    0.000000 0.154730 0.143919 0.216554 0.133108 
 Mfc1    0.154730 0.000000 0.045270 0.270608 0.072297 
 Mfc2    0.143919 0.045270 0.000000 0.265203 0.064189 
 Compar  0.216554 0.270608 0.265203 0.000000 0.258446 
 Ppmz    0.133108 0.072297 0.064189 0.258446 0.000000 


