compatibilityTable_LtoL
          7Zip     Mfc1     Mfc2     Compar   Ppmz    
 7Zip    0.000000 2.317881 2.105960 3.569536 1.960265 
 Mfc1    2.317881 0.000000 0.741722 4.311258 1.086093 
 Mfc2    2.105960 0.741722 0.000000 4.218543 0.927152 
 Compar  3.569536 4.311258 4.218543 0.000000 4.086093 
 Ppmz    1.960265 1.086093 0.927152 4.086093 0.000000 


new_compatibilityTable_LtoL
          7Zip     Mfc1     Mfc2     Compar   Ppmz    
 7Zip    0.000000 0.144868 0.131623 0.223096 0.122517 
 Mfc1    0.144868 0.000000 0.046358 0.269454 0.067881 
 Mfc2    0.131623 0.046358 0.000000 0.263659 0.057947 
 Compar  0.223096 0.269454 0.263659 0.000000 0.255381 
 Ppmz    0.122517 0.067881 0.057947 0.255381 0.000000 


