compatibilityTable_LtoL
          7Zip     Mfc1     Mfc2     Compar   Ppmz    
 7Zip    0.000000 2.455026 2.285714 3.486773 2.148148 
 Mfc1    2.455026 0.000000 0.708995 4.365079 1.206349 
 Mfc2    2.285714 0.708995 0.000000 4.280423 1.079365 
 Compar  3.486773 4.365079 4.280423 0.000000 4.185185 
 Ppmz    2.148148 1.206349 1.079365 4.185185 0.000000 


new_compatibilityTable_LtoL
          7Zip     Mfc1     Mfc2     Compar   Ppmz    
 7Zip    0.000000 0.153439 0.142857 0.217923 0.134259 
 Mfc1    0.153439 0.000000 0.044312 0.272817 0.075397 
 Mfc2    0.142857 0.044312 0.000000 0.267526 0.067460 
 Compar  0.217923 0.272817 0.267526 0.000000 0.261574 
 Ppmz    0.134259 0.075397 0.067460 0.261574 0.000000 


