compatibilityTable_LtoL
          7Zip     Mfc1     Mfc2     Compar   Ppmz    
 7Zip    0.000000 2.377358 2.075472 3.528302 1.962264 
 Mfc1    2.377358 0.000000 0.641509 4.396226 1.094340 
 Mfc2    2.075472 0.641509 0.000000 4.358490 0.830189 
 Compar  3.528302 4.396226 4.358490 0.000000 4.207547 
 Ppmz    1.962264 1.094340 0.830189 4.207547 0.000000 


new_compatibilityTable_LtoL
          7Zip     Mfc1     Mfc2     Compar   Ppmz    
 7Zip    0.000000 0.148585 0.129717 0.220519 0.122642 
 Mfc1    0.148585 0.000000 0.040094 0.274764 0.068396 
 Mfc2    0.129717 0.040094 0.000000 0.272406 0.051887 
 Compar  0.220519 0.274764 0.272406 0.000000 0.262972 
 Ppmz    0.122642 0.068396 0.051887 0.262972 0.000000 


