compatibilityTable_LtoL
          7Zip     Mfc1     Mfc2     Compar   Ppmz    
 7Zip    0.000000 1.714286 1.357143 3.714286 1.285714 
 Mfc1    1.714286 0.000000 0.857143 4.000000 1.000000 
 Mfc2    1.357143 0.857143 0.000000 4.000000 0.714286 
 Compar  3.714286 4.000000 4.000000 0.000000 3.857143 
 Ppmz    1.285714 1.000000 0.714286 3.857143 0.000000 


new_compatibilityTable_LtoL
          7Zip     Mfc1     Mfc2     Compar   Ppmz    
 7Zip    0.000000 0.107143 0.084821 0.232143 0.080357 
 Mfc1    0.107143 0.000000 0.053571 0.250000 0.062500 
 Mfc2    0.084821 0.053571 0.000000 0.250000 0.044643 
 Compar  0.232143 0.250000 0.250000 0.000000 0.241071 
 Ppmz    0.080357 0.062500 0.044643 0.241071 0.000000 


