compatibilityTable_LtoL
          7Zip     Mfc1     Mfc2     Compar   Ppmz    
 7Zip    0.000000 2.438163 2.212014 3.734982 1.992933 
 Mfc1    2.438163 0.000000 0.749117 4.639576 1.257951 
 Mfc2    2.212014 0.749117 0.000000 4.512368 1.074205 
 Compar  3.734982 4.639576 4.512368 0.000000 4.392226 
 Ppmz    1.992933 1.257951 1.074205 4.392226 0.000000 


new_compatibilityTable_LtoL
          7Zip     Mfc1     Mfc2     Compar   Ppmz    
 7Zip    0.000000 0.152385 0.138251 0.233436 0.124558 
 Mfc1    0.152385 0.000000 0.046820 0.289973 0.078622 
 Mfc2    0.138251 0.046820 0.000000 0.282023 0.067138 
 Compar  0.233436 0.289973 0.282023 0.000000 0.274514 
 Ppmz    0.124558 0.078622 0.067138 0.274514 0.000000 


