compatibilityTable_LtoL
          7Zip     Mfc1     Mfc2     Compar   Ppmz    
 7Zip    0.000000 2.449438 2.258427 3.505618 2.089888 
 Mfc1    2.449438 0.000000 0.741573 4.303371 1.179775 
 Mfc2    2.258427 0.741573 0.000000 4.202247 1.033708 
 Compar  3.505618 4.303371 4.202247 0.000000 4.112360 
 Ppmz    2.089888 1.179775 1.033708 4.112360 0.000000 


new_compatibilityTable_LtoL
          7Zip     Mfc1     Mfc2     Compar   Ppmz    
 7Zip    0.000000 0.153090 0.141152 0.219101 0.130618 
 Mfc1    0.153090 0.000000 0.046348 0.268961 0.073736 
 Mfc2    0.141152 0.046348 0.000000 0.262640 0.064607 
 Compar  0.219101 0.268961 0.262640 0.000000 0.257022 
 Ppmz    0.130618 0.073736 0.064607 0.257022 0.000000 


