compatibilityTable_LtoL
          7Zip     Mfc1     Mfc2     Compar   Ppmz    
 7Zip    0.000000 2.320000 2.000000 3.600000 1.880000 
 Mfc1    2.320000 0.000000 0.680000 4.440000 1.120000 
 Mfc2    2.000000 0.680000 0.000000 4.400000 0.840000 
 Compar  3.600000 4.440000 4.400000 0.000000 4.240000 
 Ppmz    1.880000 1.120000 0.840000 4.240000 0.000000 


new_compatibilityTable_LtoL
          7Zip     Mfc1     Mfc2     Compar   Ppmz    
 7Zip    0.000000 0.145000 0.125000 0.225000 0.117500 
 Mfc1    0.145000 0.000000 0.042500 0.277500 0.070000 
 Mfc2    0.125000 0.042500 0.000000 0.275000 0.052500 
 Compar  0.225000 0.277500 0.275000 0.000000 0.265000 
 Ppmz    0.117500 0.070000 0.052500 0.265000 0.000000 


