compatibilityTable_LtoL
          7Zip     Mfc1     Mfc2     Compar   Ppmz    
 7Zip    0.000000 2.465455 2.225455 3.756364 2.000000 
 Mfc1    2.465455 0.000000 0.763636 4.643636 1.287273 
 Mfc2    2.225455 0.763636 0.000000 4.512727 1.090909 
 Compar  3.756364 4.643636 4.512727 0.000000 4.396364 
 Ppmz    2.000000 1.287273 1.090909 4.396364 0.000000 


new_compatibilityTable_LtoL
          7Zip     Mfc1     Mfc2     Compar   Ppmz    
 7Zip    0.000000 0.154091 0.139091 0.234773 0.125000 
 Mfc1    0.154091 0.000000 0.047727 0.290227 0.080455 
 Mfc2    0.139091 0.047727 0.000000 0.282045 0.068182 
 Compar  0.234773 0.290227 0.282045 0.000000 0.274773 
 Ppmz    0.125000 0.080455 0.068182 0.274773 0.000000 


