compatibilityTable_LtoL
          7Zip     Mfc1     Mfc2     Compar   Ppmz    
 7Zip    0.000000 2.396694 2.115702 3.760331 1.983471 
 Mfc1    2.396694 0.000000 0.826446 4.652893 1.140496 
 Mfc2    2.115702 0.826446 0.000000 4.553719 0.958678 
 Compar  3.760331 4.652893 4.553719 0.000000 4.487603 
 Ppmz    1.983471 1.140496 0.958678 4.487603 0.000000 


new_compatibilityTable_LtoL
          7Zip     Mfc1     Mfc2     Compar   Ppmz    
 7Zip    0.000000 0.149793 0.132231 0.235021 0.123967 
 Mfc1    0.149793 0.000000 0.051653 0.290806 0.071281 
 Mfc2    0.132231 0.051653 0.000000 0.284607 0.059917 
 Compar  0.235021 0.290806 0.284607 0.000000 0.280475 
 Ppmz    0.123967 0.071281 0.059917 0.280475 0.000000 


