compatibilityTable_LtoL
          7Zip     Mfc1     Mfc2     Compar   Ppmz    
 7Zip    0.000000 2.142857 1.571429 4.857143 1.285714 
 Mfc1    2.142857 0.000000 1.571429 4.428571 1.428571 
 Mfc2    1.571429 1.571429 0.000000 4.571429 0.714286 
 Compar  4.857143 4.428571 4.571429 0.000000 4.285714 
 Ppmz    1.285714 1.428571 0.714286 4.285714 0.000000 


new_compatibilityTable_LtoL
          7Zip     Mfc1     Mfc2     Compar   Ppmz    
 7Zip    0.000000 0.133929 0.098214 0.303571 0.080357 
 Mfc1    0.133929 0.000000 0.098214 0.276786 0.089286 
 Mfc2    0.098214 0.098214 0.000000 0.285714 0.044643 
 Compar  0.303571 0.276786 0.285714 0.000000 0.267857 
 Ppmz    0.080357 0.089286 0.044643 0.267857 0.000000 


