compatibilityTable_LtoL
          7Zip     Mfc1     Mfc2     Compar   Ppmz    
 7Zip    0.000000 2.592592 2.345679 3.716049 2.296296 
 Mfc1    2.592592 0.000000 0.716049 4.555555 1.037037 
 Mfc2    2.345679 0.716049 0.000000 4.555555 1.012346 
 Compar  3.716049 4.555555 4.555555 0.000000 4.506173 
 Ppmz    2.296296 1.037037 1.012346 4.506173 0.000000 


new_compatibilityTable_LtoL
          7Zip     Mfc1     Mfc2     Compar   Ppmz    
 7Zip    0.000000 0.162037 0.146605 0.232253 0.143519 
 Mfc1    0.162037 0.000000 0.044753 0.284722 0.064815 
 Mfc2    0.146605 0.044753 0.000000 0.284722 0.063272 
 Compar  0.232253 0.284722 0.284722 0.000000 0.281636 
 Ppmz    0.143519 0.064815 0.063272 0.281636 0.000000 


