compatibilityTable_LtoL
          7Zip     Mfc1     Mfc2     Compar   Ppmz    
 7Zip    0.000000 2.400000 2.133333 3.766667 2.000000 
 Mfc1    2.400000 0.000000 0.816667 4.650000 1.133333 
 Mfc2    2.133333 0.816667 0.000000 4.566667 0.966667 
 Compar  3.766667 4.650000 4.566667 0.000000 4.500000 
 Ppmz    2.000000 1.133333 0.966667 4.500000 0.000000 


new_compatibilityTable_LtoL
          7Zip     Mfc1     Mfc2     Compar   Ppmz    
 7Zip    0.000000 0.150000 0.133333 0.235417 0.125000 
 Mfc1    0.150000 0.000000 0.051042 0.290625 0.070833 
 Mfc2    0.133333 0.051042 0.000000 0.285417 0.060417 
 Compar  0.235417 0.290625 0.285417 0.000000 0.281250 
 Ppmz    0.125000 0.070833 0.060417 0.281250 0.000000 


