compatibilityTable_LtoL
          7Zip     Mfc1     Mfc2     Compar   Ppmz    
 7Zip    0.000000 2.368098 2.171779 3.601227 2.012270 
 Mfc1    2.368098 0.000000 0.723926 4.300613 1.141104 
 Mfc2    2.171779 0.723926 0.000000 4.214724 0.993865 
 Compar  3.601227 4.300613 4.214724 0.000000 4.104294 
 Ppmz    2.012270 1.141104 0.993865 4.104294 0.000000 


new_compatibilityTable_LtoL
          7Zip     Mfc1     Mfc2     Compar   Ppmz    
 7Zip    0.000000 0.148006 0.135736 0.225077 0.125767 
 Mfc1    0.148006 0.000000 0.045245 0.268788 0.071319 
 Mfc2    0.135736 0.045245 0.000000 0.263420 0.062117 
 Compar  0.225077 0.268788 0.263420 0.000000 0.256518 
 Ppmz    0.125767 0.071319 0.062117 0.256518 0.000000 


