compatibilityTable_LtoL
          7Zip     Mfc1     Mfc2     Compar   Ppmz    
 7Zip    0.000000 2.444444 2.215054 3.752688 1.992832 
 Mfc1    2.444444 0.000000 0.759857 4.641577 1.275986 
 Mfc2    2.215054 0.759857 0.000000 4.512545 1.089606 
 Compar  3.752688 4.641577 4.512545 0.000000 4.390681 
 Ppmz    1.992832 1.275986 1.089606 4.390681 0.000000 


new_compatibilityTable_LtoL
          7Zip     Mfc1     Mfc2     Compar   Ppmz    
 7Zip    0.000000 0.152778 0.138441 0.234543 0.124552 
 Mfc1    0.152778 0.000000 0.047491 0.290099 0.079749 
 Mfc2    0.138441 0.047491 0.000000 0.282034 0.068100 
 Compar  0.234543 0.290099 0.282034 0.000000 0.274418 
 Ppmz    0.124552 0.079749 0.068100 0.274418 0.000000 


