compatibilityTable_LtoL
          7Zip     Mfc1     Mfc2     Compar   Ppmz    
 7Zip    0.000000 2.325581 2.062016 3.651163 1.922481 
 Mfc1    2.325581 0.000000 0.775194 4.534883 1.116279 
 Mfc2    2.062016 0.775194 0.000000 4.441861 0.945736 
 Compar  3.651163 4.534883 4.441861 0.000000 4.333333 
 Ppmz    1.922481 1.116279 0.945736 4.333333 0.000000 


new_compatibilityTable_LtoL
          7Zip     Mfc1     Mfc2     Compar   Ppmz    
 7Zip    0.000000 0.145349 0.128876 0.228198 0.120155 
 Mfc1    0.145349 0.000000 0.048450 0.283430 0.069767 
 Mfc2    0.128876 0.048450 0.000000 0.277616 0.059109 
 Compar  0.228198 0.283430 0.277616 0.000000 0.270833 
 Ppmz    0.120155 0.069767 0.059109 0.270833 0.000000 


