compatibilityTable_LtoL
          7Zip     Mfc1     Mfc2     Compar   Ppmz    
 7Zip    0.000000 2.055556 1.666667 3.888889 1.666667 
 Mfc1    2.055556 0.000000 0.833333 4.166667 1.111111 
 Mfc2    1.666667 0.833333 0.000000 4.222222 0.777778 
 Compar  3.888889 4.166667 4.222222 0.000000 4.055555 
 Ppmz    1.666667 1.111111 0.777778 4.055555 0.000000 


new_compatibilityTable_LtoL
          7Zip     Mfc1     Mfc2     Compar   Ppmz    
 7Zip    0.000000 0.128472 0.104167 0.243056 0.104167 
 Mfc1    0.128472 0.000000 0.052083 0.260417 0.069444 
 Mfc2    0.104167 0.052083 0.000000 0.263889 0.048611 
 Compar  0.243056 0.260417 0.263889 0.000000 0.253472 
 Ppmz    0.104167 0.069444 0.048611 0.253472 0.000000 


