compatibilityTable_LtoL
          7Zip     Mfc1     Mfc2     Compar   Ppmz    
 7Zip    0.000000 2.501845 2.258303 3.797048 2.029520 
 Mfc1    2.501845 0.000000 0.774908 4.697417 1.306273 
 Mfc2    2.258303 0.774908 0.000000 4.564576 1.107011 
 Compar  3.797048 4.697417 4.564576 0.000000 4.446495 
 Ppmz    2.029520 1.306273 1.107011 4.446495 0.000000 


new_compatibilityTable_LtoL
          7Zip     Mfc1     Mfc2     Compar   Ppmz    
 7Zip    0.000000 0.156365 0.141144 0.237315 0.126845 
 Mfc1    0.156365 0.000000 0.048432 0.293589 0.081642 
 Mfc2    0.141144 0.048432 0.000000 0.285286 0.069188 
 Compar  0.237315 0.293589 0.285286 0.000000 0.277906 
 Ppmz    0.126845 0.081642 0.069188 0.277906 0.000000 


