compatibilityTable_LtoL
          7Zip     Mfc1     Mfc2     Compar   Ppmz    
 7Zip    0.000000 2.558140 2.325581 3.697675 2.255814 
 Mfc1    2.558140 0.000000 0.813953 4.558139 1.069767 
 Mfc2    2.325581 0.813953 0.000000 4.558139 1.023256 
 Compar  3.697675 4.558139 4.558139 0.000000 4.488372 
 Ppmz    2.255814 1.069767 1.023256 4.488372 0.000000 


new_compatibilityTable_LtoL
          7Zip     Mfc1     Mfc2     Compar   Ppmz    
 7Zip    0.000000 0.159884 0.145349 0.231105 0.140988 
 Mfc1    0.159884 0.000000 0.050872 0.284884 0.066860 
 Mfc2    0.145349 0.050872 0.000000 0.284884 0.063953 
 Compar  0.231105 0.284884 0.284884 0.000000 0.280523 
 Ppmz    0.140988 0.066860 0.063953 0.280523 0.000000 


