compatibilityTable_LtoL
          7Zip     Mfc1     Mfc2     Compar   Ppmz    
 7Zip    0.000000 1.875000 1.375000 4.625000 1.125000 
 Mfc1    1.875000 0.000000 1.375000 4.250000 1.250000 
 Mfc2    1.375000 1.375000 0.000000 4.375000 0.625000 
 Compar  4.625000 4.250000 4.375000 0.000000 4.125000 
 Ppmz    1.125000 1.250000 0.625000 4.125000 0.000000 


new_compatibilityTable_LtoL
          7Zip     Mfc1     Mfc2     Compar   Ppmz    
 7Zip    0.000000 0.117188 0.085938 0.289062 0.070312 
 Mfc1    0.117188 0.000000 0.085938 0.265625 0.078125 
 Mfc2    0.085938 0.085938 0.000000 0.273438 0.039062 
 Compar  0.289062 0.265625 0.273438 0.000000 0.257812 
 Ppmz    0.070312 0.078125 0.039062 0.257812 0.000000 


