compatibilityTable_LtoL
          7Zip     Mfc1     Mfc2     Compar   Ppmz    
 7Zip    0.000000 2.467391 2.293478 3.478261 2.119565 
 Mfc1    2.467391 0.000000 0.728261 4.326087 1.163043 
 Mfc2    2.293478 0.728261 0.000000 4.239130 1.032609 
 Compar  3.478261 4.326087 4.239130 0.000000 4.130435 
 Ppmz    2.119565 1.163043 1.032609 4.130435 0.000000 


new_compatibilityTable_LtoL
          7Zip     Mfc1     Mfc2     Compar   Ppmz    
 7Zip    0.000000 0.154212 0.143342 0.217391 0.132473 
 Mfc1    0.154212 0.000000 0.045516 0.270380 0.072690 
 Mfc2    0.143342 0.045516 0.000000 0.264946 0.064538 
 Compar  0.217391 0.270380 0.264946 0.000000 0.258152 
 Ppmz    0.132473 0.072690 0.064538 0.258152 0.000000 


