compatibilityTable_LtoL
          7Zip     Mfc1     Mfc2     Compar   Ppmz    
 7Zip    0.000000 2.464088 2.287293 3.497238 2.121547 
 Mfc1    2.464088 0.000000 0.740331 4.325967 1.171271 
 Mfc2    2.287293 0.740331 0.000000 4.237569 1.038674 
 Compar  3.497238 4.325967 4.237569 0.000000 4.138122 
 Ppmz    2.121547 1.171271 1.038674 4.138122 0.000000 


new_compatibilityTable_LtoL
          7Zip     Mfc1     Mfc2     Compar   Ppmz    
 7Zip    0.000000 0.154006 0.142956 0.218577 0.132597 
 Mfc1    0.154006 0.000000 0.046271 0.270373 0.073204 
 Mfc2    0.142956 0.046271 0.000000 0.264848 0.064917 
 Compar  0.218577 0.270373 0.264848 0.000000 0.258633 
 Ppmz    0.132597 0.073204 0.064917 0.258633 0.000000 


