compatibilityTable_LtoL
          7Zip     Mfc1     Mfc2     Compar   Ppmz    
 7Zip    0.000000 1.777778 1.407407 3.740741 1.333333 
 Mfc1    1.777778 0.000000 0.888889 4.037037 1.037037 
 Mfc2    1.407407 0.888889 0.000000 4.037037 0.740741 
 Compar  3.740741 4.037037 4.037037 0.000000 3.888889 
 Ppmz    1.333333 1.037037 0.740741 3.888889 0.000000 


new_compatibilityTable_LtoL
          7Zip     Mfc1     Mfc2     Compar   Ppmz    
 7Zip    0.000000 0.111111 0.087963 0.233796 0.083333 
 Mfc1    0.111111 0.000000 0.055556 0.252315 0.064815 
 Mfc2    0.087963 0.055556 0.000000 0.252315 0.046296 
 Compar  0.233796 0.252315 0.252315 0.000000 0.243056 
 Ppmz    0.083333 0.064815 0.046296 0.243056 0.000000 


