compatibilityTable_LtoL
          7Zip     Mfc1     Mfc2     Compar   Ppmz    
 7Zip    0.000000 2.389744 2.235898 3.502564 2.102564 
 Mfc1    2.389744 0.000000 0.697436 4.364102 1.179487 
 Mfc2    2.235898 0.697436 0.000000 4.282051 1.056410 
 Compar  3.502564 4.364102 4.282051 0.000000 4.179487 
 Ppmz    2.102564 1.179487 1.056410 4.179487 0.000000 


new_compatibilityTable_LtoL
          7Zip     Mfc1     Mfc2     Compar   Ppmz    
 7Zip    0.000000 0.149359 0.139744 0.218910 0.131410 
 Mfc1    0.149359 0.000000 0.043590 0.272756 0.073718 
 Mfc2    0.139744 0.043590 0.000000 0.267628 0.066026 
 Compar  0.218910 0.272756 0.267628 0.000000 0.261218 
 Ppmz    0.131410 0.073718 0.066026 0.261218 0.000000 


