compatibilityTable_LtoL
          7Zip     Mfc1     Mfc2     Compar   Ppmz    
 7Zip    0.000000 2.554217 2.337349 3.650602 2.265060 
 Mfc1    2.554217 0.000000 0.746988 4.493976 1.036145 
 Mfc2    2.337349 0.746988 0.000000 4.518072 1.012048 
 Compar  3.650602 4.493976 4.518072 0.000000 4.445783 
 Ppmz    2.265060 1.036145 1.012048 4.445783 0.000000 


new_compatibilityTable_LtoL
          7Zip     Mfc1     Mfc2     Compar   Ppmz    
 7Zip    0.000000 0.159639 0.146084 0.228163 0.141566 
 Mfc1    0.159639 0.000000 0.046687 0.280874 0.064759 
 Mfc2    0.146084 0.046687 0.000000 0.282380 0.063253 
 Compar  0.228163 0.280874 0.282380 0.000000 0.277861 
 Ppmz    0.141566 0.064759 0.063253 0.277861 0.000000 


