compatibilityTable_LtoL
          7Zip     Mfc1     Mfc2     Compar   Ppmz    
 7Zip    0.000000 2.263636 2.100000 3.490909 1.945455 
 Mfc1    2.263636 0.000000 0.672727 4.327273 1.145455 
 Mfc2    2.100000 0.672727 0.000000 4.254546 0.990909 
 Compar  3.490909 4.327273 4.254546 0.000000 4.136364 
 Ppmz    1.945455 1.145455 0.990909 4.136364 0.000000 


new_compatibilityTable_LtoL
          7Zip     Mfc1     Mfc2     Compar   Ppmz    
 7Zip    0.000000 0.141477 0.131250 0.218182 0.121591 
 Mfc1    0.141477 0.000000 0.042045 0.270455 0.071591 
 Mfc2    0.131250 0.042045 0.000000 0.265909 0.061932 
 Compar  0.218182 0.270455 0.265909 0.000000 0.258523 
 Ppmz    0.121591 0.071591 0.061932 0.258523 0.000000 


