compatibilityTable_LtoL
          7Zip     Mfc1     Mfc2     Compar   Ppmz    
 7Zip    0.000000 2.571429 2.311688 3.675325 2.207792 
 Mfc1    2.571429 0.000000 0.727273 4.532467 1.038961 
 Mfc2    2.311688 0.727273 0.000000 4.558442 0.987013 
 Compar  3.675325 4.532467 4.558442 0.000000 4.454545 
 Ppmz    2.207792 1.038961 0.987013 4.454545 0.000000 


new_compatibilityTable_LtoL
          7Zip     Mfc1     Mfc2     Compar   Ppmz    
 7Zip    0.000000 0.160714 0.144481 0.229708 0.137987 
 Mfc1    0.160714 0.000000 0.045455 0.283279 0.064935 
 Mfc2    0.144481 0.045455 0.000000 0.284903 0.061688 
 Compar  0.229708 0.283279 0.284903 0.000000 0.278409 
 Ppmz    0.137987 0.064935 0.061688 0.278409 0.000000 


