compatibilityTable_LtoL
          7Zip     Mfc1     Mfc2     Compar   Ppmz    
 7Zip    0.000000 2.299065 2.130841 3.485981 1.990654 
 Mfc1    2.299065 0.000000 0.691589 4.345794 1.158878 
 Mfc2    2.130841 0.691589 0.000000 4.271028 1.000000 
 Compar  3.485981 4.345794 4.271028 0.000000 4.149533 
 Ppmz    1.990654 1.158878 1.000000 4.149533 0.000000 


new_compatibilityTable_LtoL
          7Zip     Mfc1     Mfc2     Compar   Ppmz    
 7Zip    0.000000 0.143692 0.133178 0.217874 0.124416 
 Mfc1    0.143692 0.000000 0.043224 0.271612 0.072430 
 Mfc2    0.133178 0.043224 0.000000 0.266939 0.062500 
 Compar  0.217874 0.271612 0.266939 0.000000 0.259346 
 Ppmz    0.124416 0.072430 0.062500 0.259346 0.000000 


