compatibilityTable_LtoL
          7Zip     Mfc1     Mfc2     Compar   Ppmz    
 7Zip    0.000000 2.405498 2.192440 3.701031 1.965636 
 Mfc1    2.405498 0.000000 0.735395 4.567010 1.230241 
 Mfc2    2.192440 0.735395 0.000000 4.443299 1.058419 
 Compar  3.701031 4.567010 4.443299 0.000000 4.333333 
 Ppmz    1.965636 1.230241 1.058419 4.333333 0.000000 


new_compatibilityTable_LtoL
          7Zip     Mfc1     Mfc2     Compar   Ppmz    
 7Zip    0.000000 0.150344 0.137027 0.231314 0.122852 
 Mfc1    0.150344 0.000000 0.045962 0.285438 0.076890 
 Mfc2    0.137027 0.045962 0.000000 0.277706 0.066151 
 Compar  0.231314 0.285438 0.277706 0.000000 0.270833 
 Ppmz    0.122852 0.076890 0.066151 0.270833 0.000000 


