compatibilityTable_LtoL
          7Zip     Mfc1     Mfc2     Compar   Ppmz    
 7Zip    0.000000 2.210526 1.842105 3.894737 1.842105 
 Mfc1    2.210526 0.000000 0.789474 4.368421 1.105263 
 Mfc2    1.842105 0.789474 0.000000 4.421052 0.789474 
 Compar  3.894737 4.368421 4.421052 0.000000 4.263158 
 Ppmz    1.842105 1.105263 0.789474 4.263158 0.000000 


new_compatibilityTable_LtoL
          7Zip     Mfc1     Mfc2     Compar   Ppmz    
 7Zip    0.000000 0.138158 0.115132 0.243421 0.115132 
 Mfc1    0.138158 0.000000 0.049342 0.273026 0.069079 
 Mfc2    0.115132 0.049342 0.000000 0.276316 0.049342 
 Compar  0.243421 0.273026 0.276316 0.000000 0.266447 
 Ppmz    0.115132 0.069079 0.049342 0.266447 0.000000 


