compatibilityTable_LtoL
          7Zip     Mfc1     Mfc2     Compar   Ppmz    
 7Zip    0.000000 2.385135 2.168919 3.682432 1.945946 
 Mfc1    2.385135 0.000000 0.729730 4.533784 1.216216 
 Mfc2    2.168919 0.729730 0.000000 4.418919 1.040541 
 Compar  3.682432 4.533784 4.418919 0.000000 4.310811 
 Ppmz    1.945946 1.216216 1.040541 4.310811 0.000000 


new_compatibilityTable_LtoL
          7Zip     Mfc1     Mfc2     Compar   Ppmz    
 7Zip    0.000000 0.149071 0.135557 0.230152 0.121622 
 Mfc1    0.149071 0.000000 0.045608 0.283361 0.076014 
 Mfc2    0.135557 0.045608 0.000000 0.276182 0.065034 
 Compar  0.230152 0.283361 0.276182 0.000000 0.269426 
 Ppmz    0.121622 0.076014 0.065034 0.269426 0.000000 


