compatibilityTable_LtoL
          7Zip     Mfc1     Mfc2     Compar   Ppmz    
 7Zip    0.000000 2.285714 1.959184 3.653061 1.836735 
 Mfc1    2.285714 0.000000 0.693878 4.428571 1.142857 
 Mfc2    1.959184 0.693878 0.000000 4.387755 0.857143 
 Compar  3.653061 4.428571 4.387755 0.000000 4.224490 
 Ppmz    1.836735 1.142857 0.857143 4.224490 0.000000 


new_compatibilityTable_LtoL
          7Zip     Mfc1     Mfc2     Compar   Ppmz    
 7Zip    0.000000 0.142857 0.122449 0.228316 0.114796 
 Mfc1    0.142857 0.000000 0.043367 0.276786 0.071429 
 Mfc2    0.122449 0.043367 0.000000 0.274235 0.053571 
 Compar  0.228316 0.276786 0.274235 0.000000 0.264031 
 Ppmz    0.114796 0.071429 0.053571 0.264031 0.000000 


