compatibilityTable_LtoL
          7Zip     Mfc1     Mfc2     Compar   Ppmz    
 7Zip    0.000000 2.343949 2.140127 3.598726 1.987261 
 Mfc1    2.343949 0.000000 0.751592 4.312102 1.121019 
 Mfc2    2.140127 0.751592 0.000000 4.222930 0.968153 
 Compar  3.598726 4.312102 4.222930 0.000000 4.095541 
 Ppmz    1.987261 1.121019 0.968153 4.095541 0.000000 


new_compatibilityTable_LtoL
          7Zip     Mfc1     Mfc2     Compar   Ppmz    
 7Zip    0.000000 0.146497 0.133758 0.224920 0.124204 
 Mfc1    0.146497 0.000000 0.046975 0.269506 0.070064 
 Mfc2    0.133758 0.046975 0.000000 0.263933 0.060510 
 Compar  0.224920 0.269506 0.263933 0.000000 0.255971 
 Ppmz    0.124204 0.070064 0.060510 0.255971 0.000000 


