compatibilityTable_LtoL
          7Zip     Mfc1     Mfc2     Compar   Ppmz    
 7Zip    0.000000 1.937500 1.500000 3.750000 1.437500 
 Mfc1    1.937500 0.000000 0.937500 4.000000 1.187500 
 Mfc2    1.500000 0.937500 0.000000 4.062500 0.812500 
 Compar  3.750000 4.000000 4.062500 0.000000 3.875000 
 Ppmz    1.437500 1.187500 0.812500 3.875000 0.000000 


new_compatibilityTable_LtoL
          7Zip     Mfc1     Mfc2     Compar   Ppmz    
 7Zip    0.000000 0.121094 0.093750 0.234375 0.089844 
 Mfc1    0.121094 0.000000 0.058594 0.250000 0.074219 
 Mfc2    0.093750 0.058594 0.000000 0.253906 0.050781 
 Compar  0.234375 0.250000 0.253906 0.000000 0.242188 
 Ppmz    0.089844 0.074219 0.050781 0.242188 0.000000 


