compatibilityTable_LtoL
          7Zip     Mfc1     Mfc2     Compar   Ppmz    
 7Zip    0.000000 2.588235 2.323529 3.558824 2.176471 
 Mfc1    2.588235 0.000000 0.705882 4.558824 1.088235 
 Mfc2    2.323529 0.705882 0.000000 4.529412 0.970588 
 Compar  3.558824 4.558824 4.529412 0.000000 4.382353 
 Ppmz    2.176471 1.088235 0.970588 4.382353 0.000000 


new_compatibilityTable_LtoL
          7Zip     Mfc1     Mfc2     Compar   Ppmz    
 7Zip    0.000000 0.161765 0.145221 0.222426 0.136029 
 Mfc1    0.161765 0.000000 0.044118 0.284926 0.068015 
 Mfc2    0.145221 0.044118 0.000000 0.283088 0.060662 
 Compar  0.222426 0.284926 0.283088 0.000000 0.273897 
 Ppmz    0.136029 0.068015 0.060662 0.273897 0.000000 


