compatibilityTable_LtoL
          7Zip     Mfc1     Mfc2     Compar   Ppmz    
 7Zip    0.000000 2.400000 1.800000 4.600000 1.600000 
 Mfc1    2.400000 0.000000 1.600000 4.400000 1.600000 
 Mfc2    1.800000 1.600000 0.000000 4.400000 0.800000 
 Compar  4.600000 4.400000 4.400000 0.000000 4.000000 
 Ppmz    1.600000 1.600000 0.800000 4.000000 0.000000 


new_compatibilityTable_LtoL
          7Zip     Mfc1     Mfc2     Compar   Ppmz    
 7Zip    0.000000 0.150000 0.112500 0.287500 0.100000 
 Mfc1    0.150000 0.000000 0.100000 0.275000 0.100000 
 Mfc2    0.112500 0.100000 0.000000 0.275000 0.050000 
 Compar  0.287500 0.275000 0.275000 0.000000 0.250000 
 Ppmz    0.100000 0.100000 0.050000 0.250000 0.000000 


