compatibilityTable_LtoL
          7Zip     Mfc1     Mfc2     Compar   Ppmz    
 7Zip    0.000000 2.360249 2.161491 3.608696 2.012422 
 Mfc1    2.360249 0.000000 0.732919 4.329193 1.142857 
 Mfc2    2.161491 0.732919 0.000000 4.242236 0.993789 
 Compar  3.608696 4.329193 4.242236 0.000000 4.118012 
 Ppmz    2.012422 1.142857 0.993789 4.118012 0.000000 


new_compatibilityTable_LtoL
          7Zip     Mfc1     Mfc2     Compar   Ppmz    
 7Zip    0.000000 0.147516 0.135093 0.225543 0.125776 
 Mfc1    0.147516 0.000000 0.045807 0.270575 0.071429 
 Mfc2    0.135093 0.045807 0.000000 0.265140 0.062112 
 Compar  0.225543 0.270575 0.265140 0.000000 0.257376 
 Ppmz    0.125776 0.071429 0.062112 0.257376 0.000000 


