compatibilityTable_LtoL
          7Zip     Mfc1     Mfc2     Compar   Ppmz    
 7Zip    0.000000 2.336000 2.064000 3.704000 1.936000 
 Mfc1    2.336000 0.000000 0.800000 4.584000 1.104000 
 Mfc2    2.064000 0.800000 0.000000 4.488000 0.928000 
 Compar  3.704000 4.584000 4.488000 0.000000 4.424000 
 Ppmz    1.936000 1.104000 0.928000 4.424000 0.000000 


new_compatibilityTable_LtoL
          7Zip     Mfc1     Mfc2     Compar   Ppmz    
 7Zip    0.000000 0.146000 0.129000 0.231500 0.121000 
 Mfc1    0.146000 0.000000 0.050000 0.286500 0.069000 
 Mfc2    0.129000 0.050000 0.000000 0.280500 0.058000 
 Compar  0.231500 0.286500 0.280500 0.000000 0.276500 
 Ppmz    0.121000 0.069000 0.058000 0.276500 0.000000 


