compatibilityTable_LtoL
          7Zip     Mfc1     Mfc2     Compar   Ppmz    
 7Zip    0.000000 2.302632 2.092105 3.552632 1.947368 
 Mfc1    2.302632 0.000000 0.736842 4.289474 1.078947 
 Mfc2    2.092105 0.736842 0.000000 4.197369 0.921053 
 Compar  3.552632 4.289474 4.197369 0.000000 4.065790 
 Ppmz    1.947368 1.078947 0.921053 4.065790 0.000000 


new_compatibilityTable_LtoL
          7Zip     Mfc1     Mfc2     Compar   Ppmz    
 7Zip    0.000000 0.143914 0.130757 0.222039 0.121711 
 Mfc1    0.143914 0.000000 0.046053 0.268092 0.067434 
 Mfc2    0.130757 0.046053 0.000000 0.262336 0.057566 
 Compar  0.222039 0.268092 0.262336 0.000000 0.254112 
 Ppmz    0.121711 0.067434 0.057566 0.254112 0.000000 


