compatibilityTable_LtoL
          7Zip     Mfc1     Mfc2     Compar   Ppmz    
 7Zip    0.000000 2.343348 2.197425 3.575107 2.025751 
 Mfc1    2.343348 0.000000 0.712446 4.442060 1.218884 
 Mfc2    2.197425 0.712446 0.000000 4.347640 1.081545 
 Compar  3.575107 4.442060 4.347640 0.000000 4.244635 
 Ppmz    2.025751 1.218884 1.081545 4.244635 0.000000 


new_compatibilityTable_LtoL
          7Zip     Mfc1     Mfc2     Compar   Ppmz    
 7Zip    0.000000 0.146459 0.137339 0.223444 0.126609 
 Mfc1    0.146459 0.000000 0.044528 0.277629 0.076180 
 Mfc2    0.137339 0.044528 0.000000 0.271727 0.067597 
 Compar  0.223444 0.277629 0.271727 0.000000 0.265290 
 Ppmz    0.126609 0.076180 0.067597 0.265290 0.000000 


