compatibilityTable_LtoL
          7Zip     Mfc1     Mfc2     Compar   Ppmz    
 7Zip    0.000000 2.413793 2.200000 3.710345 1.972414 
 Mfc1    2.413793 0.000000 0.737931 4.579310 1.234483 
 Mfc2    2.200000 0.737931 0.000000 4.455173 1.062069 
 Compar  3.710345 4.579310 4.455173 0.000000 4.344828 
 Ppmz    1.972414 1.234483 1.062069 4.344828 0.000000 


new_compatibilityTable_LtoL
          7Zip     Mfc1     Mfc2     Compar   Ppmz    
 7Zip    0.000000 0.150862 0.137500 0.231897 0.123276 
 Mfc1    0.150862 0.000000 0.046121 0.286207 0.077155 
 Mfc2    0.137500 0.046121 0.000000 0.278448 0.066379 
 Compar  0.231897 0.286207 0.278448 0.000000 0.271552 
 Ppmz    0.123276 0.077155 0.066379 0.271552 0.000000 


