compatibilityTable_LtoL
          7Zip     Mfc1     Mfc2     Compar   Ppmz    
 7Zip    0.000000 2.346457 2.078740 3.692913 1.937008 
 Mfc1    2.346457 0.000000 0.787402 4.574803 1.133858 
 Mfc2    2.078740 0.787402 0.000000 4.480315 0.960630 
 Compar  3.692913 4.574803 4.480315 0.000000 4.370079 
 Ppmz    1.937008 1.133858 0.960630 4.370079 0.000000 


new_compatibilityTable_LtoL
          7Zip     Mfc1     Mfc2     Compar   Ppmz    
 7Zip    0.000000 0.146654 0.129921 0.230807 0.121063 
 Mfc1    0.146654 0.000000 0.049213 0.285925 0.070866 
 Mfc2    0.129921 0.049213 0.000000 0.280020 0.060039 
 Compar  0.230807 0.285925 0.280020 0.000000 0.273130 
 Ppmz    0.121063 0.070866 0.060039 0.273130 0.000000 


