compatibilityTable_LtoL
          7Zip     Mfc1     Mfc2     Compar   Ppmz    
 7Zip    0.000000 2.481283 2.310160 3.470588 2.149733 
 Mfc1    2.481283 0.000000 0.716578 4.358289 1.197861 
 Mfc2    2.310160 0.716578 0.000000 4.272727 1.069519 
 Compar  3.470588 4.358289 4.272727 0.000000 4.155080 
 Ppmz    2.149733 1.197861 1.069519 4.155080 0.000000 


new_compatibilityTable_LtoL
          7Zip     Mfc1     Mfc2     Compar   Ppmz    
 7Zip    0.000000 0.155080 0.144385 0.216912 0.134358 
 Mfc1    0.155080 0.000000 0.044786 0.272393 0.074866 
 Mfc2    0.144385 0.044786 0.000000 0.267045 0.066845 
 Compar  0.216912 0.272393 0.267045 0.000000 0.259693 
 Ppmz    0.134358 0.074866 0.066845 0.259693 0.000000 


