compatibilityTable_LtoL
          7Zip     Mfc1     Mfc2     Compar   Ppmz    
 7Zip    0.000000 1.741935 1.419355 3.580645 1.290323 
 Mfc1    1.741935 0.000000 0.838710 3.967742 1.032258 
 Mfc2    1.419355 0.838710 0.000000 3.967742 0.709677 
 Compar  3.580645 3.967742 3.967742 0.000000 3.774194 
 Ppmz    1.290323 1.032258 0.709677 3.774194 0.000000 


new_compatibilityTable_LtoL
          7Zip     Mfc1     Mfc2     Compar   Ppmz    
 7Zip    0.000000 0.108871 0.088710 0.223790 0.080645 
 Mfc1    0.108871 0.000000 0.052419 0.247984 0.064516 
 Mfc2    0.088710 0.052419 0.000000 0.247984 0.044355 
 Compar  0.223790 0.247984 0.247984 0.000000 0.235887 
 Ppmz    0.080645 0.064516 0.044355 0.235887 0.000000 


