compatibilityTable_LtoL
          7Zip     Mfc1     Mfc2     Compar   Ppmz    
 7Zip    0.000000 2.320755 2.150943 3.471698 2.009434 
 Mfc1    2.320755 0.000000 0.698113 4.339622 1.169811 
 Mfc2    2.150943 0.698113 0.000000 4.264151 1.009434 
 Compar  3.471698 4.339622 4.264151 0.000000 4.141510 
 Ppmz    2.009434 1.169811 1.009434 4.141510 0.000000 


new_compatibilityTable_LtoL
          7Zip     Mfc1     Mfc2     Compar   Ppmz    
 7Zip    0.000000 0.145047 0.134434 0.216981 0.125590 
 Mfc1    0.145047 0.000000 0.043632 0.271226 0.073113 
 Mfc2    0.134434 0.043632 0.000000 0.266509 0.063090 
 Compar  0.216981 0.271226 0.266509 0.000000 0.258844 
 Ppmz    0.125590 0.073113 0.063090 0.258844 0.000000 


