compatibilityTable_LtoL
          7Zip     Mfc1     Mfc2     Compar   Ppmz    
 7Zip    0.000000 2.603175 2.317460 3.634921 2.222222 
 Mfc1    2.603175 0.000000 0.698413 4.587302 1.079365 
 Mfc2    2.317460 0.698413 0.000000 4.555555 0.952381 
 Compar  3.634921 4.587302 4.555555 0.000000 4.396825 
 Ppmz    2.222222 1.079365 0.952381 4.396825 0.000000 


new_compatibilityTable_LtoL
          7Zip     Mfc1     Mfc2     Compar   Ppmz    
 7Zip    0.000000 0.162698 0.144841 0.227183 0.138889 
 Mfc1    0.162698 0.000000 0.043651 0.286706 0.067460 
 Mfc2    0.144841 0.043651 0.000000 0.284722 0.059524 
 Compar  0.227183 0.286706 0.284722 0.000000 0.274802 
 Ppmz    0.138889 0.067460 0.059524 0.274802 0.000000 


