compatibilityTable_LtoL
          7Zip     Mfc1     Mfc2     Compar   Ppmz    
 7Zip    0.000000 1.769231 1.461538 3.846154 1.307692 
 Mfc1    1.769231 0.000000 0.846154 4.076923 1.076923 
 Mfc2    1.461538 0.846154 0.000000 4.153846 0.692308 
 Compar  3.846154 4.076923 4.153846 0.000000 3.923077 
 Ppmz    1.307692 1.076923 0.692308 3.923077 0.000000 


new_compatibilityTable_LtoL
          7Zip     Mfc1     Mfc2     Compar   Ppmz    
 7Zip    0.000000 0.110577 0.091346 0.240385 0.081731 
 Mfc1    0.110577 0.000000 0.052885 0.254808 0.067308 
 Mfc2    0.091346 0.052885 0.000000 0.259615 0.043269 
 Compar  0.240385 0.254808 0.259615 0.000000 0.245192 
 Ppmz    0.081731 0.067308 0.043269 0.245192 0.000000 


