compatibilityTable_LtoL
          7Zip     Mfc1     Mfc2     Compar   Ppmz    
 7Zip    0.000000 2.212766 1.872340 3.680851 1.787234 
 Mfc1    2.212766 0.000000 0.723404 4.404255 1.063830 
 Mfc2    1.872340 0.723404 0.000000 4.361702 0.765957 
 Compar  3.680851 4.404255 4.361702 0.000000 4.234043 
 Ppmz    1.787234 1.063830 0.765957 4.234043 0.000000 


new_compatibilityTable_LtoL
          7Zip     Mfc1     Mfc2     Compar   Ppmz    
 7Zip    0.000000 0.138298 0.117021 0.230053 0.111702 
 Mfc1    0.138298 0.000000 0.045213 0.275266 0.066489 
 Mfc2    0.117021 0.045213 0.000000 0.272606 0.047872 
 Compar  0.230053 0.275266 0.272606 0.000000 0.264628 
 Ppmz    0.111702 0.066489 0.047872 0.264628 0.000000 


