compatibilityTable_LtoL
          7Zip     Mfc1     Mfc2     Compar   Ppmz    
 7Zip    0.000000 2.295652 2.147826 3.556522 2.000000 
 Mfc1    2.295652 0.000000 0.721739 4.408696 1.200000 
 Mfc2    2.147826 0.721739 0.000000 4.313044 1.060870 
 Compar  3.556522 4.408696 4.313044 0.000000 4.226087 
 Ppmz    2.000000 1.200000 1.060870 4.226087 0.000000 


new_compatibilityTable_LtoL
          7Zip     Mfc1     Mfc2     Compar   Ppmz    
 7Zip    0.000000 0.143478 0.134239 0.222283 0.125000 
 Mfc1    0.143478 0.000000 0.045109 0.275543 0.075000 
 Mfc2    0.134239 0.045109 0.000000 0.269565 0.066304 
 Compar  0.222283 0.275543 0.269565 0.000000 0.264130 
 Ppmz    0.125000 0.075000 0.066304 0.264130 0.000000 


