compatibilityTable_LtoL
          7Zip     Mfc1     Mfc2     Compar   Ppmz    
 7Zip    0.000000 2.354839 2.080645 3.725806 1.951613 
 Mfc1    2.354839 0.000000 0.806452 4.612903 1.112903 
 Mfc2    2.080645 0.806452 0.000000 4.516129 0.935484 
 Compar  3.725806 4.612903 4.516129 0.000000 4.451613 
 Ppmz    1.951613 1.112903 0.935484 4.451613 0.000000 


new_compatibilityTable_LtoL
          7Zip     Mfc1     Mfc2     Compar   Ppmz    
 7Zip    0.000000 0.147177 0.130040 0.232863 0.121976 
 Mfc1    0.147177 0.000000 0.050403 0.288306 0.069556 
 Mfc2    0.130040 0.050403 0.000000 0.282258 0.058468 
 Compar  0.232863 0.288306 0.282258 0.000000 0.278226 
 Ppmz    0.121976 0.069556 0.058468 0.278226 0.000000 


