compatibilityTable_LtoL
          7Zip     Mfc1     Mfc2     Compar   Ppmz    
 7Zip    0.000000 2.373984 2.097561 3.731707 1.967480 
 Mfc1    2.373984 0.000000 0.813008 4.626016 1.121951 
 Mfc2    2.097561 0.813008 0.000000 4.528455 0.943089 
 Compar  3.731707 4.626016 4.528455 0.000000 4.463415 
 Ppmz    1.967480 1.121951 0.943089 4.463415 0.000000 


new_compatibilityTable_LtoL
          7Zip     Mfc1     Mfc2     Compar   Ppmz    
 7Zip    0.000000 0.148374 0.131098 0.233232 0.122967 
 Mfc1    0.148374 0.000000 0.050813 0.289126 0.070122 
 Mfc2    0.131098 0.050813 0.000000 0.283028 0.058943 
 Compar  0.233232 0.289126 0.283028 0.000000 0.278963 
 Ppmz    0.122967 0.070122 0.058943 0.278963 0.000000 


