compatibilityTable_LtoL
          7Zip     Mfc1     Mfc2     Compar   Ppmz    
 7Zip    0.000000 2.509434 2.207547 3.773585 2.150943 
 Mfc1    2.509434 0.000000 0.811321 4.660378 1.113208 
 Mfc2    2.207547 0.811321 0.000000 4.603774 0.981132 
 Compar  3.773585 4.660378 4.603774 0.000000 4.566038 
 Ppmz    2.150943 1.113208 0.981132 4.566038 0.000000 


new_compatibilityTable_LtoL
          7Zip     Mfc1     Mfc2     Compar   Ppmz    
 7Zip    0.000000 0.156840 0.137972 0.235849 0.134434 
 Mfc1    0.156840 0.000000 0.050708 0.291274 0.069575 
 Mfc2    0.137972 0.050708 0.000000 0.287736 0.061321 
 Compar  0.235849 0.291274 0.287736 0.000000 0.285377 
 Ppmz    0.134434 0.069575 0.061321 0.285377 0.000000 


