compatibilityTable_LtoL
          7Zip     Mfc1     Mfc2     Compar   Ppmz    
 7Zip    0.000000 2.470119 2.286853 3.828685 2.063745 
 Mfc1    2.470119 0.000000 0.733068 4.673307 1.258964 
 Mfc2    2.286853 0.733068 0.000000 4.577689 1.115538 
 Compar  3.828685 4.673307 4.577689 0.000000 4.474103 
 Ppmz    2.063745 1.258964 1.115538 4.474103 0.000000 


new_compatibilityTable_LtoL
          7Zip     Mfc1     Mfc2     Compar   Ppmz    
 7Zip    0.000000 0.154382 0.142928 0.239293 0.128984 
 Mfc1    0.154382 0.000000 0.045817 0.292082 0.078685 
 Mfc2    0.142928 0.045817 0.000000 0.286106 0.069721 
 Compar  0.239293 0.292082 0.286106 0.000000 0.279631 
 Ppmz    0.128984 0.078685 0.069721 0.279631 0.000000 


