compatibilityTable_LtoL
          7Zip     Mfc1     Mfc2     Compar   Ppmz    
 7Zip    0.000000 2.416667 2.201389 3.722222 1.972222 
 Mfc1    2.416667 0.000000 0.743056 4.597222 1.243056 
 Mfc2    2.201389 0.743056 0.000000 4.472222 1.069444 
 Compar  3.722222 4.597222 4.472222 0.000000 4.361111 
 Ppmz    1.972222 1.243056 1.069444 4.361111 0.000000 


new_compatibilityTable_LtoL
          7Zip     Mfc1     Mfc2     Compar   Ppmz    
 7Zip    0.000000 0.151042 0.137587 0.232639 0.123264 
 Mfc1    0.151042 0.000000 0.046441 0.287326 0.077691 
 Mfc2    0.137587 0.046441 0.000000 0.279514 0.066840 
 Compar  0.232639 0.287326 0.279514 0.000000 0.272569 
 Ppmz    0.123264 0.077691 0.066840 0.272569 0.000000 


