compatibilityTable_LtoL
          7Zip     Mfc1     Mfc2     Compar   Ppmz    
 7Zip    0.000000 2.452174 2.173913 3.834783 2.069565 
 Mfc1    2.452174 0.000000 0.852174 4.704348 1.147826 
 Mfc2    2.173913 0.852174 0.000000 4.617391 0.973913 
 Compar  3.834783 4.704348 4.617391 0.000000 4.582609 
 Ppmz    2.069565 1.147826 0.973913 4.582609 0.000000 


new_compatibilityTable_LtoL
          7Zip     Mfc1     Mfc2     Compar   Ppmz    
 7Zip    0.000000 0.153261 0.135870 0.239674 0.129348 
 Mfc1    0.153261 0.000000 0.053261 0.294022 0.071739 
 Mfc2    0.135870 0.053261 0.000000 0.288587 0.060870 
 Compar  0.239674 0.294022 0.288587 0.000000 0.286413 
 Ppmz    0.129348 0.071739 0.060870 0.286413 0.000000 


