compatibilityTable_LtoL
          7Zip     Mfc1     Mfc2     Compar   Ppmz    
 7Zip    0.000000 2.273973 2.109589 3.493151 1.954338 
 Mfc1    2.273973 0.000000 0.675799 4.333333 1.150685 
 Mfc2    2.109589 0.675799 0.000000 4.260274 0.995434 
 Compar  3.493151 4.333333 4.260274 0.000000 4.141552 
 Ppmz    1.954338 1.150685 0.995434 4.141552 0.000000 


new_compatibilityTable_LtoL
          7Zip     Mfc1     Mfc2     Compar   Ppmz    
 7Zip    0.000000 0.142123 0.131849 0.218322 0.122146 
 Mfc1    0.142123 0.000000 0.042237 0.270833 0.071918 
 Mfc2    0.131849 0.042237 0.000000 0.266267 0.062215 
 Compar  0.218322 0.270833 0.266267 0.000000 0.258847 
 Ppmz    0.122146 0.071918 0.062215 0.258847 0.000000 


