compatibilityTable_LtoL
          7Zip     Mfc1     Mfc2     Compar   Ppmz    
 7Zip    0.000000 2.341880 2.196581 3.572649 2.025641 
 Mfc1    2.341880 0.000000 0.709402 4.427351 1.213675 
 Mfc2    2.196581 0.709402 0.000000 4.333333 1.076923 
 Compar  3.572649 4.427351 4.333333 0.000000 4.230769 
 Ppmz    2.025641 1.213675 1.076923 4.230769 0.000000 


new_compatibilityTable_LtoL
          7Zip     Mfc1     Mfc2     Compar   Ppmz    
 7Zip    0.000000 0.146368 0.137286 0.223291 0.126603 
 Mfc1    0.146368 0.000000 0.044338 0.276709 0.075855 
 Mfc2    0.137286 0.044338 0.000000 0.270833 0.067308 
 Compar  0.223291 0.276709 0.270833 0.000000 0.264423 
 Ppmz    0.126603 0.075855 0.067308 0.264423 0.000000 


