compatibilityTable_LtoL
          7Zip     Mfc1     Mfc2     Compar   Ppmz    
 7Zip    0.000000 2.579710 2.318841 3.579710 2.173913 
 Mfc1    2.579710 0.000000 0.695652 4.565217 1.072464 
 Mfc2    2.318841 0.695652 0.000000 4.536232 0.956522 
 Compar  3.579710 4.565217 4.536232 0.000000 4.391304 
 Ppmz    2.173913 1.072464 0.956522 4.391304 0.000000 


new_compatibilityTable_LtoL
          7Zip     Mfc1     Mfc2     Compar   Ppmz    
 7Zip    0.000000 0.161232 0.144928 0.223732 0.135870 
 Mfc1    0.161232 0.000000 0.043478 0.285326 0.067029 
 Mfc2    0.144928 0.043478 0.000000 0.283514 0.059783 
 Compar  0.223732 0.285326 0.283514 0.000000 0.274457 
 Ppmz    0.135870 0.067029 0.059783 0.274457 0.000000 


