compatibilityTable_LtoL
          7Zip     Mfc1     Mfc2     Compar   Ppmz    
 7Zip    0.000000 2.418118 2.202091 3.724739 1.979094 
 Mfc1    2.418118 0.000000 0.745645 4.609756 1.240418 
 Mfc2    2.202091 0.745645 0.000000 4.484321 1.066202 
 Compar  3.724739 4.609756 4.484321 0.000000 4.365854 
 Ppmz    1.979094 1.240418 1.066202 4.365854 0.000000 


new_compatibilityTable_LtoL
          7Zip     Mfc1     Mfc2     Compar   Ppmz    
 7Zip    0.000000 0.151132 0.137631 0.232796 0.123693 
 Mfc1    0.151132 0.000000 0.046603 0.288110 0.077526 
 Mfc2    0.137631 0.046603 0.000000 0.280270 0.066638 
 Compar  0.232796 0.288110 0.280270 0.000000 0.272866 
 Ppmz    0.123693 0.077526 0.066638 0.272866 0.000000 


