compatibilityTable_LtoL
          7Zip     Mfc1     Mfc2     Compar   Ppmz    
 7Zip    0.000000 2.477778 2.288889 3.500000 2.133333 
 Mfc1    2.477778 0.000000 0.733333 4.333333 1.177778 
 Mfc2    2.288889 0.733333 0.000000 4.233333 1.033333 
 Compar  3.500000 4.333333 4.233333 0.000000 4.144444 
 Ppmz    2.133333 1.177778 1.033333 4.144444 0.000000 


new_compatibilityTable_LtoL
          7Zip     Mfc1     Mfc2     Compar   Ppmz    
 7Zip    0.000000 0.154861 0.143056 0.218750 0.133333 
 Mfc1    0.154861 0.000000 0.045833 0.270833 0.073611 
 Mfc2    0.143056 0.045833 0.000000 0.264583 0.064583 
 Compar  0.218750 0.270833 0.264583 0.000000 0.259028 
 Ppmz    0.133333 0.073611 0.064583 0.259028 0.000000 


