compatibilityTable_LtoL
          7Zip     Mfc1     Mfc2     Compar   Ppmz    
 7Zip    0.000000 2.387879 2.193939 3.593939 2.012121 
 Mfc1    2.387879 0.000000 0.715151 4.321212 1.151515 
 Mfc2    2.193939 0.715151 0.000000 4.236363 1.006061 
 Compar  3.593939 4.321212 4.236363 0.000000 4.115151 
 Ppmz    2.012121 1.151515 1.006061 4.115151 0.000000 


new_compatibilityTable_LtoL
          7Zip     Mfc1     Mfc2     Compar   Ppmz    
 7Zip    0.000000 0.149242 0.137121 0.224621 0.125758 
 Mfc1    0.149242 0.000000 0.044697 0.270076 0.071970 
 Mfc2    0.137121 0.044697 0.000000 0.264773 0.062879 
 Compar  0.224621 0.270076 0.264773 0.000000 0.257197 
 Ppmz    0.125758 0.071970 0.062879 0.257197 0.000000 


