compatibilityTable_LtoL
          7Zip     Mfc1     Mfc2     Compar   Ppmz    
 7Zip    0.000000 3.000000 2.000000 4.500000 2.000000 
 Mfc1    3.000000 0.000000 1.750000 4.250000 2.000000 
 Mfc2    2.000000 1.750000 0.000000 4.250000 0.750000 
 Compar  4.500000 4.250000 4.250000 0.000000 3.750000 
 Ppmz    2.000000 2.000000 0.750000 3.750000 0.000000 


new_compatibilityTable_LtoL
          7Zip     Mfc1     Mfc2     Compar   Ppmz    
 7Zip    0.000000 0.187500 0.125000 0.281250 0.125000 
 Mfc1    0.187500 0.000000 0.109375 0.265625 0.125000 
 Mfc2    0.125000 0.109375 0.000000 0.265625 0.046875 
 Compar  0.281250 0.265625 0.265625 0.000000 0.234375 
 Ppmz    0.125000 0.125000 0.046875 0.234375 0.000000 


