compatibilityTable_LtoL
          7Zip     Mfc1     Mfc2     Compar   Ppmz    
 7Zip    0.000000 1.750000 1.416667 4.000000 1.333333 
 Mfc1    1.750000 0.000000 0.916667 4.083333 1.083333 
 Mfc2    1.416667 0.916667 0.000000 4.166667 0.666667 
 Compar  4.000000 4.083333 4.166667 0.000000 4.000000 
 Ppmz    1.333333 1.083333 0.666667 4.000000 0.000000 


new_compatibilityTable_LtoL
          7Zip     Mfc1     Mfc2     Compar   Ppmz    
 7Zip    0.000000 0.109375 0.088542 0.250000 0.083333 
 Mfc1    0.109375 0.000000 0.057292 0.255208 0.067708 
 Mfc2    0.088542 0.057292 0.000000 0.260417 0.041667 
 Compar  0.250000 0.255208 0.260417 0.000000 0.250000 
 Ppmz    0.083333 0.067708 0.041667 0.250000 0.000000 


