compatibilityTable_LtoL
          7Zip     Mfc1     Mfc2     Compar   Ppmz    
 7Zip    0.000000 2.390532 2.213018 3.544379 2.035503 
 Mfc1    2.390532 0.000000 0.710059 4.313610 1.147929 
 Mfc2    2.213018 0.710059 0.000000 4.242604 0.994083 
 Compar  3.544379 4.313610 4.242604 0.000000 4.124260 
 Ppmz    2.035503 1.147929 0.994083 4.124260 0.000000 


new_compatibilityTable_LtoL
          7Zip     Mfc1     Mfc2     Compar   Ppmz    
 7Zip    0.000000 0.149408 0.138314 0.221524 0.127219 
 Mfc1    0.149408 0.000000 0.044379 0.269601 0.071746 
 Mfc2    0.138314 0.044379 0.000000 0.265163 0.062130 
 Compar  0.221524 0.269601 0.265163 0.000000 0.257766 
 Ppmz    0.127219 0.071746 0.062130 0.257766 0.000000 


