compatibilityTable_LtoL
          7Zip     Mfc1     Mfc2     Compar   Ppmz    
 7Zip    0.000000 2.586667 2.346667 3.720000 2.213333 
 Mfc1    2.586667 0.000000 0.720000 4.546667 1.066667 
 Mfc2    2.346667 0.720000 0.000000 4.600000 0.986667 
 Compar  3.720000 4.546667 4.600000 0.000000 4.466667 
 Ppmz    2.213333 1.066667 0.986667 4.466667 0.000000 


new_compatibilityTable_LtoL
          7Zip     Mfc1     Mfc2     Compar   Ppmz    
 7Zip    0.000000 0.161667 0.146667 0.232500 0.138333 
 Mfc1    0.161667 0.000000 0.045000 0.284167 0.066667 
 Mfc2    0.146667 0.045000 0.000000 0.287500 0.061667 
 Compar  0.232500 0.284167 0.287500 0.000000 0.279167 
 Ppmz    0.138333 0.066667 0.061667 0.279167 0.000000 


