compatibilityTable_LtoL
          7Zip     Mfc1     Mfc2     Compar   Ppmz    
 7Zip    0.000000 2.422764 2.235772 3.796748 2.032520 
 Mfc1    2.422764 0.000000 0.747967 4.634146 1.260163 
 Mfc2    2.235772 0.747967 0.000000 4.536585 1.113821 
 Compar  3.796748 4.634146 4.536585 0.000000 4.447155 
 Ppmz    2.032520 1.260163 1.113821 4.447155 0.000000 


new_compatibilityTable_LtoL
          7Zip     Mfc1     Mfc2     Compar   Ppmz    
 7Zip    0.000000 0.151423 0.139736 0.237297 0.127033 
 Mfc1    0.151423 0.000000 0.046748 0.289634 0.078760 
 Mfc2    0.139736 0.046748 0.000000 0.283537 0.069614 
 Compar  0.237297 0.289634 0.283537 0.000000 0.277947 
 Ppmz    0.127033 0.078760 0.069614 0.277947 0.000000 


