compatibilityTable_LtoL
          7Zip     Mfc1     Mfc2     Compar   Ppmz    
 7Zip    0.000000 2.290076 2.030534 3.610687 1.893130 
 Mfc1    2.290076 0.000000 0.763359 4.480916 1.099237 
 Mfc2    2.030534 0.763359 0.000000 4.389313 0.931298 
 Compar  3.610687 4.480916 4.389313 0.000000 4.282443 
 Ppmz    1.893130 1.099237 0.931298 4.282443 0.000000 


new_compatibilityTable_LtoL
          7Zip     Mfc1     Mfc2     Compar   Ppmz    
 7Zip    0.000000 0.143130 0.126908 0.225668 0.118321 
 Mfc1    0.143130 0.000000 0.047710 0.280057 0.068702 
 Mfc2    0.126908 0.047710 0.000000 0.274332 0.058206 
 Compar  0.225668 0.280057 0.274332 0.000000 0.267653 
 Ppmz    0.118321 0.068702 0.058206 0.267653 0.000000 


