compatibilityTable_LtoL
          7Zip     Mfc1     Mfc2     Compar   Ppmz    
 7Zip    0.000000 2.373134 2.119403 3.671642 1.970149 
 Mfc1    2.373134 0.000000 0.746269 4.552239 1.104478 
 Mfc2    2.119403 0.746269 0.000000 4.462687 0.940298 
 Compar  3.671642 4.552239 4.462687 0.000000 4.358209 
 Ppmz    1.970149 1.104478 0.940298 4.358209 0.000000 


new_compatibilityTable_LtoL
          7Zip     Mfc1     Mfc2     Compar   Ppmz    
 7Zip    0.000000 0.148321 0.132463 0.229478 0.123134 
 Mfc1    0.148321 0.000000 0.046642 0.284515 0.069030 
 Mfc2    0.132463 0.046642 0.000000 0.278918 0.058769 
 Compar  0.229478 0.284515 0.278918 0.000000 0.272388 
 Ppmz    0.123134 0.069030 0.058769 0.272388 0.000000 


