compatibilityTable_LtoL
          7Zip     Mfc1     Mfc2     Compar   Ppmz    
 7Zip    0.000000 2.588235 2.329412 3.635294 2.282353 
 Mfc1    2.588235 0.000000 0.800000 4.505882 1.082353 
 Mfc2    2.329412 0.800000 0.000000 4.505882 1.011765 
 Compar  3.635294 4.505882 4.505882 0.000000 4.435294 
 Ppmz    2.282353 1.082353 1.011765 4.435294 0.000000 


new_compatibilityTable_LtoL
          7Zip     Mfc1     Mfc2     Compar   Ppmz    
 7Zip    0.000000 0.161765 0.145588 0.227206 0.142647 
 Mfc1    0.161765 0.000000 0.050000 0.281618 0.067647 
 Mfc2    0.145588 0.050000 0.000000 0.281618 0.063235 
 Compar  0.227206 0.281618 0.281618 0.000000 0.277206 
 Ppmz    0.142647 0.067647 0.063235 0.277206 0.000000 


