compatibilityTable_LtoL
          7Zip     Mfc1     Mfc2     Compar   Ppmz    
 7Zip    0.000000 2.372093 2.186047 3.500000 2.011628 
 Mfc1    2.372093 0.000000 0.720930 4.279070 1.139535 
 Mfc2    2.186047 0.720930 0.000000 4.197674 1.000000 
 Compar  3.500000 4.279070 4.197674 0.000000 4.081395 
 Ppmz    2.011628 1.139535 1.000000 4.081395 0.000000 


new_compatibilityTable_LtoL
          7Zip     Mfc1     Mfc2     Compar   Ppmz    
 7Zip    0.000000 0.148256 0.136628 0.218750 0.125727 
 Mfc1    0.148256 0.000000 0.045058 0.267442 0.071221 
 Mfc2    0.136628 0.045058 0.000000 0.262355 0.062500 
 Compar  0.218750 0.267442 0.262355 0.000000 0.255087 
 Ppmz    0.125727 0.071221 0.062500 0.255087 0.000000 


