compatibilityTable_LtoL
          7Zip     Mfc1     Mfc2     Compar   Ppmz    
 7Zip    0.000000 2.377049 2.098361 3.754098 1.967213 
 Mfc1    2.377049 0.000000 0.819672 4.639344 1.131148 
 Mfc2    2.098361 0.819672 0.000000 4.540984 0.950820 
 Compar  3.754098 4.639344 4.540984 0.000000 4.475410 
 Ppmz    1.967213 1.131148 0.950820 4.475410 0.000000 


new_compatibilityTable_LtoL
          7Zip     Mfc1     Mfc2     Compar   Ppmz    
 7Zip    0.000000 0.148566 0.131148 0.234631 0.122951 
 Mfc1    0.148566 0.000000 0.051230 0.289959 0.070697 
 Mfc2    0.131148 0.051230 0.000000 0.283811 0.059426 
 Compar  0.234631 0.289959 0.283811 0.000000 0.279713 
 Ppmz    0.122951 0.070697 0.059426 0.279713 0.000000 


