compatibilityTable_LtoL
          7Zip     Mfc1     Mfc2     Compar   Ppmz    
 7Zip    0.000000 2.529412 2.254902 3.823529 2.176471 
 Mfc1    2.529412 0.000000 0.803922 4.725490 1.117647 
 Mfc2    2.254902 0.803922 0.000000 4.686275 0.960784 
 Compar  3.823529 4.725490 4.686275 0.000000 4.607843 
 Ppmz    2.176471 1.117647 0.960784 4.607843 0.000000 


new_compatibilityTable_LtoL
          7Zip     Mfc1     Mfc2     Compar   Ppmz    
 7Zip    0.000000 0.158088 0.140931 0.238971 0.136029 
 Mfc1    0.158088 0.000000 0.050245 0.295343 0.069853 
 Mfc2    0.140931 0.050245 0.000000 0.292892 0.060049 
 Compar  0.238971 0.295343 0.292892 0.000000 0.287990 
 Ppmz    0.136029 0.069853 0.060049 0.287990 0.000000 


