compatibilityTable_LtoL
          7Zip     Mfc1     Mfc2     Compar   Ppmz    
 7Zip    0.000000 2.565217 2.304348 3.891304 2.195652 
 Mfc1    2.565217 0.000000 0.804348 4.804348 1.086957 
 Mfc2    2.304348 0.804348 0.000000 4.782609 1.000000 
 Compar  3.891304 4.804348 4.782609 0.000000 4.673913 
 Ppmz    2.195652 1.086957 1.000000 4.673913 0.000000 


new_compatibilityTable_LtoL
          7Zip     Mfc1     Mfc2     Compar   Ppmz    
 7Zip    0.000000 0.160326 0.144022 0.243207 0.137228 
 Mfc1    0.160326 0.000000 0.050272 0.300272 0.067935 
 Mfc2    0.144022 0.050272 0.000000 0.298913 0.062500 
 Compar  0.243207 0.300272 0.298913 0.000000 0.292120 
 Ppmz    0.137228 0.067935 0.062500 0.292120 0.000000 


