compatibilityTable_LtoL
          7Zip     Mfc1     Mfc2     Compar   Ppmz    
 7Zip    0.000000 2.416667 2.250000 3.500000 2.114583 
 Mfc1    2.416667 0.000000 0.697917 4.364583 1.187500 
 Mfc2    2.250000 0.697917 0.000000 4.281250 1.062500 
 Compar  3.500000 4.364583 4.281250 0.000000 4.187500 
 Ppmz    2.114583 1.187500 1.062500 4.187500 0.000000 


new_compatibilityTable_LtoL
          7Zip     Mfc1     Mfc2     Compar   Ppmz    
 7Zip    0.000000 0.151042 0.140625 0.218750 0.132161 
 Mfc1    0.151042 0.000000 0.043620 0.272786 0.074219 
 Mfc2    0.140625 0.043620 0.000000 0.267578 0.066406 
 Compar  0.218750 0.272786 0.267578 0.000000 0.261719 
 Ppmz    0.132161 0.074219 0.066406 0.261719 0.000000 


