compatibilityTable_LtoL
          7Zip     Mfc1     Mfc2     Compar   Ppmz    
 7Zip    0.000000 2.275556 2.106667 3.506667 1.955556 
 Mfc1    2.275556 0.000000 0.720000 4.360000 1.182222 
 Mfc2    2.106667 0.720000 0.000000 4.280000 1.031111 
 Compar  3.506667 4.360000 4.280000 0.000000 4.164444 
 Ppmz    1.955556 1.182222 1.031111 4.164444 0.000000 


new_compatibilityTable_LtoL
          7Zip     Mfc1     Mfc2     Compar   Ppmz    
 7Zip    0.000000 0.142222 0.131667 0.219167 0.122222 
 Mfc1    0.142222 0.000000 0.045000 0.272500 0.073889 
 Mfc2    0.131667 0.045000 0.000000 0.267500 0.064444 
 Compar  0.219167 0.272500 0.267500 0.000000 0.260278 
 Ppmz    0.122222 0.073889 0.064444 0.260278 0.000000 


