compatibilityTable_LtoL
          7Zip     Mfc1     Mfc2     Compar   Ppmz    
 7Zip    0.000000 2.367150 2.193237 3.473430 2.048309 
 Mfc1    2.367150 0.000000 0.695652 4.352657 1.178744 
 Mfc2    2.193237 0.695652 0.000000 4.275362 1.033816 
 Compar  3.473430 4.352657 4.275362 0.000000 4.149758 
 Ppmz    2.048309 1.178744 1.033816 4.149758 0.000000 


new_compatibilityTable_LtoL
          7Zip     Mfc1     Mfc2     Compar   Ppmz    
 7Zip    0.000000 0.147947 0.137077 0.217089 0.128019 
 Mfc1    0.147947 0.000000 0.043478 0.272041 0.073671 
 Mfc2    0.137077 0.043478 0.000000 0.267210 0.064614 
 Compar  0.217089 0.272041 0.267210 0.000000 0.259360 
 Ppmz    0.128019 0.073671 0.064614 0.259360 0.000000 


