compatibilityTable_LtoL
          7Zip     Mfc1     Mfc2     Compar   Ppmz    
 7Zip    0.000000 2.403292 2.222222 3.707819 2.041152 
 Mfc1    2.403292 0.000000 0.748971 4.572016 1.242798 
 Mfc2    2.222222 0.748971 0.000000 4.473251 1.086420 
 Compar  3.707819 4.572016 4.473251 0.000000 4.366255 
 Ppmz    2.041152 1.242798 1.086420 4.366255 0.000000 


new_compatibilityTable_LtoL
          7Zip     Mfc1     Mfc2     Compar   Ppmz    
 7Zip    0.000000 0.150206 0.138889 0.231739 0.127572 
 Mfc1    0.150206 0.000000 0.046811 0.285751 0.077675 
 Mfc2    0.138889 0.046811 0.000000 0.279578 0.067901 
 Compar  0.231739 0.285751 0.279578 0.000000 0.272891 
 Ppmz    0.127572 0.077675 0.067901 0.272891 0.000000 


