compatibilityTable_LtoL
          7Zip     Mfc1     Mfc2     Compar   Ppmz    
 7Zip    0.000000 2.483516 2.307692 3.494505 2.131868 
 Mfc1    2.483516 0.000000 0.736264 4.340659 1.175824 
 Mfc2    2.307692 0.736264 0.000000 4.252747 1.043956 
 Compar  3.494505 4.340659 4.252747 0.000000 4.142857 
 Ppmz    2.131868 1.175824 1.043956 4.142857 0.000000 


new_compatibilityTable_LtoL
          7Zip     Mfc1     Mfc2     Compar   Ppmz    
 7Zip    0.000000 0.155220 0.144231 0.218407 0.133242 
 Mfc1    0.155220 0.000000 0.046016 0.271291 0.073489 
 Mfc2    0.144231 0.046016 0.000000 0.265797 0.065247 
 Compar  0.218407 0.271291 0.265797 0.000000 0.258929 
 Ppmz    0.133242 0.073489 0.065247 0.258929 0.000000 


