compatibilityTable_LtoL
          7Zip     Mfc1     Mfc2     Compar   Ppmz    
 7Zip    0.000000 2.509506 2.281369 3.806084 2.053232 
 Mfc1    2.509506 0.000000 0.752852 4.688213 1.285171 
 Mfc2    2.281369 0.752852 0.000000 4.566540 1.110266 
 Compar  3.806084 4.688213 4.566540 0.000000 4.460076 
 Ppmz    2.053232 1.285171 1.110266 4.460076 0.000000 


new_compatibilityTable_LtoL
          7Zip     Mfc1     Mfc2     Compar   Ppmz    
 7Zip    0.000000 0.156844 0.142586 0.237880 0.128327 
 Mfc1    0.156844 0.000000 0.047053 0.293013 0.080323 
 Mfc2    0.142586 0.047053 0.000000 0.285409 0.069392 
 Compar  0.237880 0.293013 0.285409 0.000000 0.278755 
 Ppmz    0.128327 0.080323 0.069392 0.278755 0.000000 


