compatibilityTable_LtoL
          7Zip     Mfc1     Mfc2     Compar   Ppmz    
 7Zip    0.000000 2.382550 2.161074 3.684564 1.939597 
 Mfc1    2.382550 0.000000 0.731544 4.536913 1.214765 
 Mfc2    2.161074 0.731544 0.000000 4.416107 1.046980 
 Compar  3.684564 4.536913 4.416107 0.000000 4.315436 
 Ppmz    1.939597 1.214765 1.046980 4.315436 0.000000 


new_compatibilityTable_LtoL
          7Zip     Mfc1     Mfc2     Compar   Ppmz    
 7Zip    0.000000 0.148909 0.135067 0.230285 0.121225 
 Mfc1    0.148909 0.000000 0.045721 0.283557 0.075923 
 Mfc2    0.135067 0.045721 0.000000 0.276007 0.065436 
 Compar  0.230285 0.283557 0.276007 0.000000 0.269715 
 Ppmz    0.121225 0.075923 0.065436 0.269715 0.000000 


