compatibilityTable_LtoL
          7Zip     Mfc1     Mfc2     Compar   Ppmz    
 7Zip    0.000000 2.533333 2.266667 3.700000 2.166667 
 Mfc1    2.533333 0.000000 0.633333 4.633333 1.033333 
 Mfc2    2.266667 0.633333 0.000000 4.600000 0.833333 
 Compar  3.700000 4.633333 4.600000 0.000000 4.466667 
 Ppmz    2.166667 1.033333 0.833333 4.466667 0.000000 


new_compatibilityTable_LtoL
          7Zip     Mfc1     Mfc2     Compar   Ppmz    
 7Zip    0.000000 0.158333 0.141667 0.231250 0.135417 
 Mfc1    0.158333 0.000000 0.039583 0.289583 0.064583 
 Mfc2    0.141667 0.039583 0.000000 0.287500 0.052083 
 Compar  0.231250 0.289583 0.287500 0.000000 0.279167 
 Ppmz    0.135417 0.064583 0.052083 0.279167 0.000000 


