compatibilityTable_LtoL
          7Zip     Mfc1     Mfc2     Compar   Ppmz    
 7Zip    0.000000 2.349650 2.111888 3.615385 1.972028 
 Mfc1    2.349650 0.000000 0.727273 4.384615 1.076923 
 Mfc2    2.111888 0.727273 0.000000 4.300699 0.923077 
 Compar  3.615385 4.384615 4.300699 0.000000 4.188811 
 Ppmz    1.972028 1.076923 0.923077 4.188811 0.000000 


new_compatibilityTable_LtoL
          7Zip     Mfc1     Mfc2     Compar   Ppmz    
 7Zip    0.000000 0.146853 0.131993 0.225962 0.123252 
 Mfc1    0.146853 0.000000 0.045455 0.274038 0.067308 
 Mfc2    0.131993 0.045455 0.000000 0.268794 0.057692 
 Compar  0.225962 0.274038 0.268794 0.000000 0.261801 
 Ppmz    0.123252 0.067308 0.057692 0.261801 0.000000 


