compatibilityTable_LtoL
          7Zip     Mfc1     Mfc2     Compar   Ppmz    
 7Zip    0.000000 2.382353 2.132353 3.661765 1.985294 
 Mfc1    2.382353 0.000000 0.735294 4.529412 1.088235 
 Mfc2    2.132353 0.735294 0.000000 4.441176 0.926471 
 Compar  3.661765 4.529412 4.441176 0.000000 4.338235 
 Ppmz    1.985294 1.088235 0.926471 4.338235 0.000000 


new_compatibilityTable_LtoL
          7Zip     Mfc1     Mfc2     Compar   Ppmz    
 7Zip    0.000000 0.148897 0.133272 0.228860 0.124081 
 Mfc1    0.148897 0.000000 0.045956 0.283088 0.068015 
 Mfc2    0.133272 0.045956 0.000000 0.277574 0.057904 
 Compar  0.228860 0.283088 0.277574 0.000000 0.271140 
 Ppmz    0.124081 0.068015 0.057904 0.271140 0.000000 


