compatibilityTable_LtoL
          7Zip     Mfc1     Mfc2     Compar   Ppmz    
 7Zip    0.000000 2.555556 2.333333 3.527778 2.166667 
 Mfc1    2.555556 0.000000 0.694444 4.444445 1.055556 
 Mfc2    2.333333 0.694444 0.000000 4.444445 0.972222 
 Compar  3.527778 4.444445 4.444445 0.000000 4.305555 
 Ppmz    2.166667 1.055556 0.972222 4.305555 0.000000 


new_compatibilityTable_LtoL
          7Zip     Mfc1     Mfc2     Compar   Ppmz    
 7Zip    0.000000 0.159722 0.145833 0.220486 0.135417 
 Mfc1    0.159722 0.000000 0.043403 0.277778 0.065972 
 Mfc2    0.145833 0.043403 0.000000 0.277778 0.060764 
 Compar  0.220486 0.277778 0.277778 0.000000 0.269097 
 Ppmz    0.135417 0.065972 0.060764 0.269097 0.000000 


