compatibilityTable_LtoL
          7Zip     Mfc1     Mfc2     Compar   Ppmz    
 7Zip    0.000000 2.279476 2.131004 3.558952 1.973799 
 Mfc1    2.279476 0.000000 0.724891 4.406114 1.196507 
 Mfc2    2.131004 0.724891 0.000000 4.310044 1.056769 
 Compar  3.558952 4.406114 4.310044 0.000000 4.213974 
 Ppmz    1.973799 1.196507 1.056769 4.213974 0.000000 


new_compatibilityTable_LtoL
          7Zip     Mfc1     Mfc2     Compar   Ppmz    
 7Zip    0.000000 0.142467 0.133188 0.222434 0.123362 
 Mfc1    0.142467 0.000000 0.045306 0.275382 0.074782 
 Mfc2    0.133188 0.045306 0.000000 0.269378 0.066048 
 Compar  0.222434 0.275382 0.269378 0.000000 0.263373 
 Ppmz    0.123362 0.074782 0.066048 0.263373 0.000000 


