compatibilityTable_LtoL
          7Zip     Mfc1     Mfc2     Compar   Ppmz    
 7Zip    0.000000 2.354430 2.177215 3.599156 2.008439 
 Mfc1    2.354430 0.000000 0.742616 4.451477 1.240506 
 Mfc2    2.177215 0.742616 0.000000 4.350211 1.063291 
 Compar  3.599156 4.451477 4.350211 0.000000 4.248945 
 Ppmz    2.008439 1.240506 1.063291 4.248945 0.000000 


new_compatibilityTable_LtoL
          7Zip     Mfc1     Mfc2     Compar   Ppmz    
 7Zip    0.000000 0.147152 0.136076 0.224947 0.125527 
 Mfc1    0.147152 0.000000 0.046414 0.278217 0.077532 
 Mfc2    0.136076 0.046414 0.000000 0.271888 0.066456 
 Compar  0.224947 0.278217 0.271888 0.000000 0.265559 
 Ppmz    0.125527 0.077532 0.066456 0.265559 0.000000 


