compatibilityTable_LtoL
          7Zip     Mfc1     Mfc2     Compar   Ppmz    
 7Zip    0.000000 2.390244 2.195122 3.597561 2.012195 
 Mfc1    2.390244 0.000000 0.719512 4.317073 1.158537 
 Mfc2    2.195122 0.719512 0.000000 4.231707 1.012195 
 Compar  3.597561 4.317073 4.231707 0.000000 4.109756 
 Ppmz    2.012195 1.158537 1.012195 4.109756 0.000000 


new_compatibilityTable_LtoL
          7Zip     Mfc1     Mfc2     Compar   Ppmz    
 7Zip    0.000000 0.149390 0.137195 0.224848 0.125762 
 Mfc1    0.149390 0.000000 0.044970 0.269817 0.072409 
 Mfc2    0.137195 0.044970 0.000000 0.264482 0.063262 
 Compar  0.224848 0.269817 0.264482 0.000000 0.256860 
 Ppmz    0.125762 0.072409 0.063262 0.256860 0.000000 


