compatibilityTable_LtoL
          7Zip     Mfc1     Mfc2     Compar   Ppmz    
 7Zip    0.000000 2.442105 2.273684 3.484210 2.136842 
 Mfc1    2.442105 0.000000 0.705263 4.357895 1.200000 
 Mfc2    2.273684 0.705263 0.000000 4.273684 1.073684 
 Compar  3.484210 4.357895 4.273684 0.000000 4.178947 
 Ppmz    2.136842 1.200000 1.073684 4.178947 0.000000 


new_compatibilityTable_LtoL
          7Zip     Mfc1     Mfc2     Compar   Ppmz    
 7Zip    0.000000 0.152632 0.142105 0.217763 0.133553 
 Mfc1    0.152632 0.000000 0.044079 0.272368 0.075000 
 Mfc2    0.142105 0.044079 0.000000 0.267105 0.067105 
 Compar  0.217763 0.272368 0.267105 0.000000 0.261184 
 Ppmz    0.133553 0.075000 0.067105 0.261184 0.000000 


