compatibilityTable_LtoL
          7Zip     Mfc1     Mfc2     Compar   Ppmz    
 7Zip    0.000000 2.574468 2.319149 3.893617 2.212766 
 Mfc1    2.574468 0.000000 0.787234 4.808511 1.063830 
 Mfc2    2.319149 0.787234 0.000000 4.787234 0.978723 
 Compar  3.893617 4.808511 4.787234 0.000000 4.680851 
 Ppmz    2.212766 1.063830 0.978723 4.680851 0.000000 


new_compatibilityTable_LtoL
          7Zip     Mfc1     Mfc2     Compar   Ppmz    
 7Zip    0.000000 0.160904 0.144947 0.243351 0.138298 
 Mfc1    0.160904 0.000000 0.049202 0.300532 0.066489 
 Mfc2    0.144947 0.049202 0.000000 0.299202 0.061170 
 Compar  0.243351 0.300532 0.299202 0.000000 0.292553 
 Ppmz    0.138298 0.066489 0.061170 0.292553 0.000000 


