compatibilityTable_LtoL
          7Zip     Mfc1     Mfc2     Compar   Ppmz    
 7Zip    0.000000 2.490272 2.287938 3.817121 2.070039 
 Mfc1    2.490272 0.000000 0.739300 4.688716 1.252918 
 Mfc2    2.287938 0.739300 0.000000 4.587549 1.105058 
 Compar  3.817121 4.688716 4.587549 0.000000 4.478599 
 Ppmz    2.070039 1.252918 1.105058 4.478599 0.000000 


new_compatibilityTable_LtoL
          7Zip     Mfc1     Mfc2     Compar   Ppmz    
 7Zip    0.000000 0.155642 0.142996 0.238570 0.129377 
 Mfc1    0.155642 0.000000 0.046206 0.293045 0.078307 
 Mfc2    0.142996 0.046206 0.000000 0.286722 0.069066 
 Compar  0.238570 0.293045 0.286722 0.000000 0.279912 
 Ppmz    0.129377 0.078307 0.069066 0.279912 0.000000 


