compatibilityTable_LtoL
          7Zip     Mfc1     Mfc2     Compar   Ppmz    
 7Zip    0.000000 1.666667 1.333333 3.533333 1.200000 
 Mfc1    1.666667 0.000000 0.800000 3.866667 1.000000 
 Mfc2    1.333333 0.800000 0.000000 3.866667 0.733333 
 Compar  3.533333 3.866667 3.866667 0.000000 3.666667 
 Ppmz    1.200000 1.000000 0.733333 3.666667 0.000000 


new_compatibilityTable_LtoL
          7Zip     Mfc1     Mfc2     Compar   Ppmz    
 7Zip    0.000000 0.104167 0.083333 0.220833 0.075000 
 Mfc1    0.104167 0.000000 0.050000 0.241667 0.062500 
 Mfc2    0.083333 0.050000 0.000000 0.241667 0.045833 
 Compar  0.220833 0.241667 0.241667 0.000000 0.229167 
 Ppmz    0.075000 0.062500 0.045833 0.229167 0.000000 


