compatibilityTable_LtoL
          7Zip     Mfc1     Mfc2     Compar   Ppmz    
 7Zip    0.000000 2.279070 1.906977 3.744186 1.860465 
 Mfc1    2.279070 0.000000 0.790698 4.395349 1.116279 
 Mfc2    1.906977 0.790698 0.000000 4.348837 0.790698 
 Compar  3.744186 4.395349 4.348837 0.000000 4.255814 
 Ppmz    1.860465 1.116279 0.790698 4.255814 0.000000 


new_compatibilityTable_LtoL
          7Zip     Mfc1     Mfc2     Compar   Ppmz    
 7Zip    0.000000 0.142442 0.119186 0.234012 0.116279 
 Mfc1    0.142442 0.000000 0.049419 0.274709 0.069767 
 Mfc2    0.119186 0.049419 0.000000 0.271802 0.049419 
 Compar  0.234012 0.274709 0.271802 0.000000 0.265988 
 Ppmz    0.116279 0.069767 0.049419 0.265988 0.000000 


