compatibilityTable_LtoL
          7Zip     Mfc1     Mfc2     Compar   Ppmz    
 7Zip    0.000000 2.507463 2.268657 3.805970 2.037313 
 Mfc1    2.507463 0.000000 0.776119 4.701492 1.305970 
 Mfc2    2.268657 0.776119 0.000000 4.574627 1.111940 
 Compar  3.805970 4.701492 4.574627 0.000000 4.462687 
 Ppmz    2.037313 1.305970 1.111940 4.462687 0.000000 


new_compatibilityTable_LtoL
          7Zip     Mfc1     Mfc2     Compar   Ppmz    
 7Zip    0.000000 0.156716 0.141791 0.237873 0.127332 
 Mfc1    0.156716 0.000000 0.048507 0.293843 0.081623 
 Mfc2    0.141791 0.048507 0.000000 0.285914 0.069496 
 Compar  0.237873 0.293843 0.285914 0.000000 0.278918 
 Ppmz    0.127332 0.081623 0.069496 0.278918 0.000000 


