compatibilityTable_LtoL
          7Zip     Mfc1     Mfc2     Compar   Ppmz    
 7Zip    0.000000 2.454874 2.223827 3.750902 1.992780 
 Mfc1    2.454874 0.000000 0.765343 4.638989 1.277978 
 Mfc2    2.223827 0.765343 0.000000 4.509025 1.090253 
 Compar  3.750902 4.638989 4.509025 0.000000 4.393502 
 Ppmz    1.992780 1.277978 1.090253 4.393502 0.000000 


new_compatibilityTable_LtoL
          7Zip     Mfc1     Mfc2     Compar   Ppmz    
 7Zip    0.000000 0.153430 0.138989 0.234431 0.124549 
 Mfc1    0.153430 0.000000 0.047834 0.289937 0.079874 
 Mfc2    0.138989 0.047834 0.000000 0.281814 0.068141 
 Compar  0.234431 0.289937 0.281814 0.000000 0.274594 
 Ppmz    0.124549 0.079874 0.068141 0.274594 0.000000 


