compatibilityTable_LtoL
          7Zip     Mfc1     Mfc2     Compar   Ppmz    
 7Zip    0.000000 2.551724 2.321839 3.758621 2.252874 
 Mfc1    2.551724 0.000000 0.804598 4.609195 1.057471 
 Mfc2    2.321839 0.804598 0.000000 4.609195 1.011494 
 Compar  3.758621 4.609195 4.609195 0.000000 4.540230 
 Ppmz    2.252874 1.057471 1.011494 4.540230 0.000000 


new_compatibilityTable_LtoL
          7Zip     Mfc1     Mfc2     Compar   Ppmz    
 7Zip    0.000000 0.159483 0.145115 0.234914 0.140805 
 Mfc1    0.159483 0.000000 0.050287 0.288075 0.066092 
 Mfc2    0.145115 0.050287 0.000000 0.288075 0.063218 
 Compar  0.234914 0.288075 0.288075 0.000000 0.283764 
 Ppmz    0.140805 0.066092 0.063218 0.283764 0.000000 


