compatibilityTable_LtoL
          7Zip     Mfc1     Mfc2     Compar   Ppmz    
 7Zip    0.000000 2.355932 2.186441 3.593220 2.016949 
 Mfc1    2.355932 0.000000 0.737288 4.440678 1.237288 
 Mfc2    2.186441 0.737288 0.000000 4.347457 1.067797 
 Compar  3.593220 4.440678 4.347457 0.000000 4.245763 
 Ppmz    2.016949 1.237288 1.067797 4.245763 0.000000 


new_compatibilityTable_LtoL
          7Zip     Mfc1     Mfc2     Compar   Ppmz    
 7Zip    0.000000 0.147246 0.136653 0.224576 0.126059 
 Mfc1    0.147246 0.000000 0.046081 0.277542 0.077331 
 Mfc2    0.136653 0.046081 0.000000 0.271716 0.066737 
 Compar  0.224576 0.277542 0.271716 0.000000 0.265360 
 Ppmz    0.126059 0.077331 0.066737 0.265360 0.000000 


