compatibilityTable_LtoL
          7Zip     Mfc1     Mfc2     Compar   Ppmz    
 7Zip    0.000000 2.371428 2.128572 3.628572 1.971429 
 Mfc1    2.371428 0.000000 0.742857 4.442857 1.071429 
 Mfc2    2.128572 0.742857 0.000000 4.357143 0.914286 
 Compar  3.628572 4.442857 4.357143 0.000000 4.242857 
 Ppmz    1.971429 1.071429 0.914286 4.242857 0.000000 


new_compatibilityTable_LtoL
          7Zip     Mfc1     Mfc2     Compar   Ppmz    
 7Zip    0.000000 0.148214 0.133036 0.226786 0.123214 
 Mfc1    0.148214 0.000000 0.046429 0.277679 0.066964 
 Mfc2    0.133036 0.046429 0.000000 0.272321 0.057143 
 Compar  0.226786 0.277679 0.272321 0.000000 0.265179 
 Ppmz    0.123214 0.066964 0.057143 0.265179 0.000000 


