compatibilityTable_LtoL
          7Zip     Mfc1     Mfc2     Compar   Ppmz    
 7Zip    0.000000 2.400000 2.220000 3.470000 2.090000 
 Mfc1    2.400000 0.000000 0.720000 4.350000 1.200000 
 Mfc2    2.220000 0.720000 0.000000 4.270000 1.050000 
 Compar  3.470000 4.350000 4.270000 0.000000 4.160000 
 Ppmz    2.090000 1.200000 1.050000 4.160000 0.000000 


new_compatibilityTable_LtoL
          7Zip     Mfc1     Mfc2     Compar   Ppmz    
 7Zip    0.000000 0.150000 0.138750 0.216875 0.130625 
 Mfc1    0.150000 0.000000 0.045000 0.271875 0.075000 
 Mfc2    0.138750 0.045000 0.000000 0.266875 0.065625 
 Compar  0.216875 0.271875 0.266875 0.000000 0.260000 
 Ppmz    0.130625 0.075000 0.065625 0.260000 0.000000 


