compatibilityTable_LtoL
          7Zip     Mfc1     Mfc2     Compar   Ppmz    
 7Zip    0.000000 2.352941 2.039216 3.588235 1.921569 
 Mfc1    2.352941 0.000000 0.666667 4.450980 1.137255 
 Mfc2    2.039216 0.666667 0.000000 4.411765 0.862745 
 Compar  3.588235 4.450980 4.411765 0.000000 4.254902 
 Ppmz    1.921569 1.137255 0.862745 4.254902 0.000000 


new_compatibilityTable_LtoL
          7Zip     Mfc1     Mfc2     Compar   Ppmz    
 7Zip    0.000000 0.147059 0.127451 0.224265 0.120098 
 Mfc1    0.147059 0.000000 0.041667 0.278186 0.071078 
 Mfc2    0.127451 0.041667 0.000000 0.275735 0.053922 
 Compar  0.224265 0.278186 0.275735 0.000000 0.265931 
 Ppmz    0.120098 0.071078 0.053922 0.265931 0.000000 


