compatibilityTable_LtoL
          7Zip     Mfc1     Mfc2     Compar   Ppmz    
 7Zip    0.000000 2.195122 1.853659 3.780488 1.853659 
 Mfc1    2.195122 0.000000 0.731707 4.317073 1.024390 
 Mfc2    1.853659 0.731707 0.000000 4.365854 0.731707 
 Compar  3.780488 4.317073 4.365854 0.000000 4.219512 
 Ppmz    1.853659 1.024390 0.731707 4.219512 0.000000 


new_compatibilityTable_LtoL
          7Zip     Mfc1     Mfc2     Compar   Ppmz    
 7Zip    0.000000 0.137195 0.115854 0.236280 0.115854 
 Mfc1    0.137195 0.000000 0.045732 0.269817 0.064024 
 Mfc2    0.115854 0.045732 0.000000 0.272866 0.045732 
 Compar  0.236280 0.269817 0.272866 0.000000 0.263719 
 Ppmz    0.115854 0.064024 0.045732 0.263719 0.000000 


