compatibilityTable_LtoL
          7Zip     Mfc1     Mfc2     Compar   Ppmz    
 7Zip    0.000000 2.397590 2.204819 3.578313 2.024096 
 Mfc1    2.397590 0.000000 0.710843 4.325301 1.144578 
 Mfc2    2.204819 0.710843 0.000000 4.240964 1.000000 
 Compar  3.578313 4.325301 4.240964 0.000000 4.120482 
 Ppmz    2.024096 1.144578 1.000000 4.120482 0.000000 


new_compatibilityTable_LtoL
          7Zip     Mfc1     Mfc2     Compar   Ppmz    
 7Zip    0.000000 0.149849 0.137801 0.223645 0.126506 
 Mfc1    0.149849 0.000000 0.044428 0.270331 0.071536 
 Mfc2    0.137801 0.044428 0.000000 0.265060 0.062500 
 Compar  0.223645 0.270331 0.265060 0.000000 0.257530 
 Ppmz    0.126506 0.071536 0.062500 0.257530 0.000000 


