compatibilityTable_LtoL
          7Zip     Mfc1     Mfc2     Compar   Ppmz    
 7Zip    0.000000 2.288372 2.120930 3.493023 1.981395 
 Mfc1    2.288372 0.000000 0.688372 4.348837 1.153488 
 Mfc2    2.120930 0.688372 0.000000 4.274419 0.995349 
 Compar  3.493023 4.348837 4.274419 0.000000 4.153488 
 Ppmz    1.981395 1.153488 0.995349 4.153488 0.000000 


new_compatibilityTable_LtoL
          7Zip     Mfc1     Mfc2     Compar   Ppmz    
 7Zip    0.000000 0.143023 0.132558 0.218314 0.123837 
 Mfc1    0.143023 0.000000 0.043023 0.271802 0.072093 
 Mfc2    0.132558 0.043023 0.000000 0.267151 0.062209 
 Compar  0.218314 0.271802 0.267151 0.000000 0.259593 
 Ppmz    0.123837 0.072093 0.062209 0.259593 0.000000 


