compatibilityTable_LtoL
          7Zip     Mfc1     Mfc2     Compar   Ppmz    
 7Zip    0.000000 2.260090 2.098655 3.502242 1.955157 
 Mfc1    2.260090 0.000000 0.681614 4.336323 1.165919 
 Mfc2    2.098655 0.681614 0.000000 4.264574 1.004484 
 Compar  3.502242 4.336323 4.264574 0.000000 4.147982 
 Ppmz    1.955157 1.165919 1.004484 4.147982 0.000000 


new_compatibilityTable_LtoL
          7Zip     Mfc1     Mfc2     Compar   Ppmz    
 7Zip    0.000000 0.141256 0.131166 0.218890 0.122197 
 Mfc1    0.141256 0.000000 0.042601 0.271020 0.072870 
 Mfc2    0.131166 0.042601 0.000000 0.266536 0.062780 
 Compar  0.218890 0.271020 0.266536 0.000000 0.259249 
 Ppmz    0.122197 0.072870 0.062780 0.259249 0.000000 


