compatibilityTable_LtoL
          7Zip     Mfc1     Mfc2     Compar   Ppmz    
 7Zip    0.000000 2.386207 2.151724 3.606897 1.986207 
 Mfc1    2.386207 0.000000 0.758621 4.379310 1.103448 
 Mfc2    2.151724 0.758621 0.000000 4.296552 0.951724 
 Compar  3.606897 4.379310 4.296552 0.000000 4.158621 
 Ppmz    1.986207 1.103448 0.951724 4.158621 0.000000 


new_compatibilityTable_LtoL
          7Zip     Mfc1     Mfc2     Compar   Ppmz    
 7Zip    0.000000 0.149138 0.134483 0.225431 0.124138 
 Mfc1    0.149138 0.000000 0.047414 0.273707 0.068966 
 Mfc2    0.134483 0.047414 0.000000 0.268534 0.059483 
 Compar  0.225431 0.273707 0.268534 0.000000 0.259914 
 Ppmz    0.124138 0.068966 0.059483 0.259914 0.000000 


