compatibilityTable_LtoL
          7Zip     Mfc1     Mfc2     Compar   Ppmz    
 7Zip    0.000000 2.395905 2.184300 3.682594 1.959044 
 Mfc1    2.395905 0.000000 0.730375 4.549488 1.221843 
 Mfc2    2.184300 0.730375 0.000000 4.426621 1.051195 
 Compar  3.682594 4.549488 4.426621 0.000000 4.317406 
 Ppmz    1.959044 1.221843 1.051195 4.317406 0.000000 


new_compatibilityTable_LtoL
          7Zip     Mfc1     Mfc2     Compar   Ppmz    
 7Zip    0.000000 0.149744 0.136519 0.230162 0.122440 
 Mfc1    0.149744 0.000000 0.045648 0.284343 0.076365 
 Mfc2    0.136519 0.045648 0.000000 0.276664 0.065700 
 Compar  0.230162 0.284343 0.276664 0.000000 0.269838 
 Ppmz    0.122440 0.076365 0.065700 0.269838 0.000000 


