compatibilityTable_LtoL
          7Zip     Mfc1     Mfc2     Compar   Ppmz    
 7Zip    0.000000 2.355769 2.192308 3.461539 2.048077 
 Mfc1    2.355769 0.000000 0.701923 4.336538 1.182692 
 Mfc2    2.192308 0.701923 0.000000 4.269231 1.028846 
 Compar  3.461539 4.336538 4.269231 0.000000 4.144231 
 Ppmz    2.048077 1.182692 1.028846 4.144231 0.000000 


new_compatibilityTable_LtoL
          7Zip     Mfc1     Mfc2     Compar   Ppmz    
 7Zip    0.000000 0.147236 0.137019 0.216346 0.128005 
 Mfc1    0.147236 0.000000 0.043870 0.271034 0.073918 
 Mfc2    0.137019 0.043870 0.000000 0.266827 0.064303 
 Compar  0.216346 0.271034 0.266827 0.000000 0.259014 
 Ppmz    0.128005 0.073918 0.064303 0.259014 0.000000 


