compatibilityTable_LtoL
          7Zip     Mfc1     Mfc2     Compar   Ppmz    
 7Zip    0.000000 2.256410 1.897436 3.820513 1.897436 
 Mfc1    2.256410 0.000000 0.769231 4.384615 1.076923 
 Mfc2    1.897436 0.769231 0.000000 4.435897 0.769231 
 Compar  3.820513 4.384615 4.435897 0.000000 4.282051 
 Ppmz    1.897436 1.076923 0.769231 4.282051 0.000000 


new_compatibilityTable_LtoL
          7Zip     Mfc1     Mfc2     Compar   Ppmz    
 7Zip    0.000000 0.141026 0.118590 0.238782 0.118590 
 Mfc1    0.141026 0.000000 0.048077 0.274038 0.067308 
 Mfc2    0.118590 0.048077 0.000000 0.277244 0.048077 
 Compar  0.238782 0.274038 0.277244 0.000000 0.267628 
 Ppmz    0.118590 0.067308 0.048077 0.267628 0.000000 


