compatibilityTable_LtoL
          7Zip     Mfc1     Mfc2     Compar   Ppmz    
 7Zip    0.000000 2.253394 2.090498 3.488688 1.936652 
 Mfc1    2.253394 0.000000 0.669683 4.321267 1.140272 
 Mfc2    2.090498 0.669683 0.000000 4.248869 0.986425 
 Compar  3.488688 4.321267 4.248869 0.000000 4.131222 
 Ppmz    1.936652 1.140272 0.986425 4.131222 0.000000 


new_compatibilityTable_LtoL
          7Zip     Mfc1     Mfc2     Compar   Ppmz    
 7Zip    0.000000 0.140837 0.130656 0.218043 0.121041 
 Mfc1    0.140837 0.000000 0.041855 0.270079 0.071267 
 Mfc2    0.130656 0.041855 0.000000 0.265554 0.061652 
 Compar  0.218043 0.270079 0.265554 0.000000 0.258201 
 Ppmz    0.121041 0.071267 0.061652 0.258201 0.000000 


