compatibilityTable_LtoL
          7Zip     Mfc1     Mfc2     Compar   Ppmz    
 7Zip    0.000000 2.385965 2.105263 3.631579 2.000000 
 Mfc1    2.385965 0.000000 0.666667 4.508772 1.087719 
 Mfc2    2.105263 0.666667 0.000000 4.473684 0.877193 
 Compar  3.631579 4.508772 4.473684 0.000000 4.333333 
 Ppmz    2.000000 1.087719 0.877193 4.333333 0.000000 


new_compatibilityTable_LtoL
          7Zip     Mfc1     Mfc2     Compar   Ppmz    
 7Zip    0.000000 0.149123 0.131579 0.226974 0.125000 
 Mfc1    0.149123 0.000000 0.041667 0.281798 0.067982 
 Mfc2    0.131579 0.041667 0.000000 0.279605 0.054825 
 Compar  0.226974 0.281798 0.279605 0.000000 0.270833 
 Ppmz    0.125000 0.067982 0.054825 0.270833 0.000000 


