compatibilityTable_LtoL
          7Zip     Mfc1     Mfc2     Compar   Ppmz    
 7Zip    0.000000 2.276498 2.110599 3.497696 1.963134 
 Mfc1    2.276498 0.000000 0.682028 4.345622 1.152074 
 Mfc2    2.110599 0.682028 0.000000 4.271889 0.995392 
 Compar  3.497696 4.345622 4.271889 0.000000 4.152074 
 Ppmz    1.963134 1.152074 0.995392 4.152074 0.000000 


new_compatibilityTable_LtoL
          7Zip     Mfc1     Mfc2     Compar   Ppmz    
 7Zip    0.000000 0.142281 0.131912 0.218606 0.122696 
 Mfc1    0.142281 0.000000 0.042627 0.271601 0.072005 
 Mfc2    0.131912 0.042627 0.000000 0.266993 0.062212 
 Compar  0.218606 0.271601 0.266993 0.000000 0.259505 
 Ppmz    0.122696 0.072005 0.062212 0.259505 0.000000 


