compatibilityTable_LtoL
          7Zip     Mfc1     Mfc2     Compar   Ppmz    
 7Zip    0.000000 2.488889 2.251852 3.800000 2.022222 
 Mfc1    2.488889 0.000000 0.770370 4.688889 1.296296 
 Mfc2    2.251852 0.770370 0.000000 4.562963 1.103704 
 Compar  3.800000 4.688889 4.562963 0.000000 4.451852 
 Ppmz    2.022222 1.296296 1.103704 4.451852 0.000000 


new_compatibilityTable_LtoL
          7Zip     Mfc1     Mfc2     Compar   Ppmz    
 7Zip    0.000000 0.155556 0.140741 0.237500 0.126389 
 Mfc1    0.155556 0.000000 0.048148 0.293056 0.081019 
 Mfc2    0.140741 0.048148 0.000000 0.285185 0.068981 
 Compar  0.237500 0.293056 0.285185 0.000000 0.278241 
 Ppmz    0.126389 0.081019 0.068981 0.278241 0.000000 


