compatibilityTable_LtoL
          7Zip     Mfc1     Mfc2     Compar   Ppmz    
 7Zip    0.000000 2.345679 2.148148 3.592592 2.000000 
 Mfc1    2.345679 0.000000 0.728395 4.308642 1.135803 
 Mfc2    2.148148 0.728395 0.000000 4.222222 0.987654 
 Compar  3.592592 4.308642 4.222222 0.000000 4.098765 
 Ppmz    2.000000 1.135803 0.987654 4.098765 0.000000 


new_compatibilityTable_LtoL
          7Zip     Mfc1     Mfc2     Compar   Ppmz    
 7Zip    0.000000 0.146605 0.134259 0.224537 0.125000 
 Mfc1    0.146605 0.000000 0.045525 0.269290 0.070988 
 Mfc2    0.134259 0.045525 0.000000 0.263889 0.061728 
 Compar  0.224537 0.269290 0.263889 0.000000 0.256173 
 Ppmz    0.125000 0.070988 0.061728 0.256173 0.000000 


