compatibilityTable_LtoL
          7Zip     Mfc1     Mfc2     Compar   Ppmz    
 7Zip    0.000000 2.519084 2.290076 3.816794 2.061069 
 Mfc1    2.519084 0.000000 0.755725 4.702290 1.290076 
 Mfc2    2.290076 0.755725 0.000000 4.580153 1.114504 
 Compar  3.816794 4.702290 4.580153 0.000000 4.473282 
 Ppmz    2.061069 1.290076 1.114504 4.473282 0.000000 


new_compatibilityTable_LtoL
          7Zip     Mfc1     Mfc2     Compar   Ppmz    
 7Zip    0.000000 0.157443 0.143130 0.238550 0.128817 
 Mfc1    0.157443 0.000000 0.047233 0.293893 0.080630 
 Mfc2    0.143130 0.047233 0.000000 0.286260 0.069656 
 Compar  0.238550 0.293893 0.286260 0.000000 0.279580 
 Ppmz    0.128817 0.080630 0.069656 0.279580 0.000000 


