compatibilityTable_LtoL
          7Zip     Mfc1     Mfc2     Compar   Ppmz    
 7Zip    0.000000 2.600000 2.342857 3.571429 2.200000 
 Mfc1    2.600000 0.000000 0.685714 4.542857 1.085714 
 Mfc2    2.342857 0.685714 0.000000 4.514286 0.971429 
 Compar  3.571429 4.542857 4.514286 0.000000 4.400000 
 Ppmz    2.200000 1.085714 0.971429 4.400000 0.000000 


new_compatibilityTable_LtoL
          7Zip     Mfc1     Mfc2     Compar   Ppmz    
 7Zip    0.000000 0.162500 0.146429 0.223214 0.137500 
 Mfc1    0.162500 0.000000 0.042857 0.283929 0.067857 
 Mfc2    0.146429 0.042857 0.000000 0.282143 0.060714 
 Compar  0.223214 0.283929 0.282143 0.000000 0.275000 
 Ppmz    0.137500 0.067857 0.060714 0.275000 0.000000 


