compatibilityTable_LtoL
          7Zip     Mfc1     Mfc2     Compar   Ppmz    
 7Zip    0.000000 2.472727 2.127273 3.800000 2.072727 
 Mfc1    2.472727 0.000000 0.836364 4.654545 1.127273 
 Mfc2    2.127273 0.836364 0.000000 4.600000 0.945455 
 Compar  3.800000 4.654545 4.600000 0.000000 4.563636 
 Ppmz    2.072727 1.127273 0.945455 4.563636 0.000000 


new_compatibilityTable_LtoL
          7Zip     Mfc1     Mfc2     Compar   Ppmz    
 7Zip    0.000000 0.154545 0.132955 0.237500 0.129545 
 Mfc1    0.154545 0.000000 0.052273 0.290909 0.070455 
 Mfc2    0.132955 0.052273 0.000000 0.287500 0.059091 
 Compar  0.237500 0.290909 0.287500 0.000000 0.285227 
 Ppmz    0.129545 0.070455 0.059091 0.285227 0.000000 


