compatibilityTable_LtoL
          7Zip     Mfc1     Mfc2     Compar   Ppmz    
 7Zip    0.000000 2.368794 2.127660 3.624114 1.971631 
 Mfc1    2.368794 0.000000 0.737589 4.418440 1.078014 
 Mfc2    2.127660 0.737589 0.000000 4.333333 0.921986 
 Compar  3.624114 4.418440 4.333333 0.000000 4.234043 
 Ppmz    1.971631 1.078014 0.921986 4.234043 0.000000 


new_compatibilityTable_LtoL
          7Zip     Mfc1     Mfc2     Compar   Ppmz    
 7Zip    0.000000 0.148050 0.132979 0.226507 0.123227 
 Mfc1    0.148050 0.000000 0.046099 0.276152 0.067376 
 Mfc2    0.132979 0.046099 0.000000 0.270833 0.057624 
 Compar  0.226507 0.276152 0.270833 0.000000 0.264628 
 Ppmz    0.123227 0.067376 0.057624 0.264628 0.000000 


