compatibilityTable_LtoL
          7Zip     Mfc1     Mfc2     Compar   Ppmz    
 7Zip    0.000000 2.474452 2.233577 3.766423 2.007299 
 Mfc1    2.474452 0.000000 0.766423 4.656934 1.291971 
 Mfc2    2.233577 0.766423 0.000000 4.525548 1.094890 
 Compar  3.766423 4.656934 4.525548 0.000000 4.408759 
 Ppmz    2.007299 1.291971 1.094890 4.408759 0.000000 


new_compatibilityTable_LtoL
          7Zip     Mfc1     Mfc2     Compar   Ppmz    
 7Zip    0.000000 0.154653 0.139599 0.235401 0.125456 
 Mfc1    0.154653 0.000000 0.047901 0.291058 0.080748 
 Mfc2    0.139599 0.047901 0.000000 0.282847 0.068431 
 Compar  0.235401 0.291058 0.282847 0.000000 0.275547 
 Ppmz    0.125456 0.080748 0.068431 0.275547 0.000000 


