compatibilityTable_LtoL
          7Zip     Mfc1     Mfc2     Compar   Ppmz    
 7Zip    0.000000 2.398340 2.224066 3.647303 2.033195 
 Mfc1    2.398340 0.000000 0.746888 4.518672 1.253112 
 Mfc2    2.224066 0.746888 0.000000 4.419087 1.087137 
 Compar  3.647303 4.518672 4.419087 0.000000 4.311203 
 Ppmz    2.033195 1.253112 1.087137 4.311203 0.000000 


new_compatibilityTable_LtoL
          7Zip     Mfc1     Mfc2     Compar   Ppmz    
 7Zip    0.000000 0.149896 0.139004 0.227956 0.127075 
 Mfc1    0.149896 0.000000 0.046680 0.282417 0.078320 
 Mfc2    0.139004 0.046680 0.000000 0.276193 0.067946 
 Compar  0.227956 0.282417 0.276193 0.000000 0.269450 
 Ppmz    0.127075 0.078320 0.067946 0.269450 0.000000 


