compatibilityTable_LtoL
          7Zip     Mfc1     Mfc2     Compar   Ppmz    
 7Zip    0.000000 2.361345 2.184874 3.613445 2.016807 
 Mfc1    2.361345 0.000000 0.739496 4.462185 1.235294 
 Mfc2    2.184874 0.739496 0.000000 4.361344 1.058824 
 Compar  3.613445 4.462185 4.361344 0.000000 4.260504 
 Ppmz    2.016807 1.235294 1.058824 4.260504 0.000000 


new_compatibilityTable_LtoL
          7Zip     Mfc1     Mfc2     Compar   Ppmz    
 7Zip    0.000000 0.147584 0.136555 0.225840 0.126050 
 Mfc1    0.147584 0.000000 0.046218 0.278887 0.077206 
 Mfc2    0.136555 0.046218 0.000000 0.272584 0.066176 
 Compar  0.225840 0.278887 0.272584 0.000000 0.266282 
 Ppmz    0.126050 0.077206 0.066176 0.266282 0.000000 


