compatibilityTable_LtoL
          7Zip     Mfc1     Mfc2     Compar   Ppmz    
 7Zip    0.000000 2.422145 2.207613 3.719723 1.979239 
 Mfc1    2.422145 0.000000 0.740484 4.591695 1.238754 
 Mfc2    2.207613 0.740484 0.000000 4.467128 1.065744 
 Compar  3.719723 4.591695 4.467128 0.000000 4.356401 
 Ppmz    1.979239 1.238754 1.065744 4.356401 0.000000 


new_compatibilityTable_LtoL
          7Zip     Mfc1     Mfc2     Compar   Ppmz    
 7Zip    0.000000 0.151384 0.137976 0.232483 0.123702 
 Mfc1    0.151384 0.000000 0.046280 0.286981 0.077422 
 Mfc2    0.137976 0.046280 0.000000 0.279195 0.066609 
 Compar  0.232483 0.286981 0.279195 0.000000 0.272275 
 Ppmz    0.123702 0.077422 0.066609 0.272275 0.000000 


