compatibilityTable_LtoL
          7Zip     Mfc1     Mfc2     Compar   Ppmz    
 7Zip    0.000000 2.462963 2.166667 3.740741 2.111111 
 Mfc1    2.462963 0.000000 0.796296 4.611111 1.092593 
 Mfc2    2.166667 0.796296 0.000000 4.555555 0.962963 
 Compar  3.740741 4.611111 4.555555 0.000000 4.518518 
 Ppmz    2.111111 1.092593 0.962963 4.518518 0.000000 


new_compatibilityTable_LtoL
          7Zip     Mfc1     Mfc2     Compar   Ppmz    
 7Zip    0.000000 0.153935 0.135417 0.233796 0.131944 
 Mfc1    0.153935 0.000000 0.049769 0.288194 0.068287 
 Mfc2    0.135417 0.049769 0.000000 0.284722 0.060185 
 Compar  0.233796 0.288194 0.284722 0.000000 0.282407 
 Ppmz    0.131944 0.068287 0.060185 0.282407 0.000000 


