compatibilityTable_LtoL
          7Zip     Mfc1     Mfc2     Compar   Ppmz    
 7Zip    0.000000 2.400000 2.109091 3.509091 2.036364 
 Mfc1    2.400000 0.000000 0.618182 4.418182 1.090909 
 Mfc2    2.109091 0.618182 0.000000 4.381818 0.836364 
 Compar  3.509091 4.418182 4.381818 0.000000 4.236363 
 Ppmz    2.036364 1.090909 0.836364 4.236363 0.000000 


new_compatibilityTable_LtoL
          7Zip     Mfc1     Mfc2     Compar   Ppmz    
 7Zip    0.000000 0.150000 0.131818 0.219318 0.127273 
 Mfc1    0.150000 0.000000 0.038636 0.276136 0.068182 
 Mfc2    0.131818 0.038636 0.000000 0.273864 0.052273 
 Compar  0.219318 0.276136 0.273864 0.000000 0.264773 
 Ppmz    0.127273 0.068182 0.052273 0.264773 0.000000 


