compatibilityTable_LtoL
          7Zip     Mfc1     Mfc2     Compar   Ppmz    
 7Zip    0.000000 2.142857 1.809524 3.761905 1.809524 
 Mfc1    2.142857 0.000000 0.714286 4.285714 1.000000 
 Mfc2    1.809524 0.714286 0.000000 4.333333 0.714286 
 Compar  3.761905 4.285714 4.333333 0.000000 4.190476 
 Ppmz    1.809524 1.000000 0.714286 4.190476 0.000000 


new_compatibilityTable_LtoL
          7Zip     Mfc1     Mfc2     Compar   Ppmz    
 7Zip    0.000000 0.133929 0.113095 0.235119 0.113095 
 Mfc1    0.133929 0.000000 0.044643 0.267857 0.062500 
 Mfc2    0.113095 0.044643 0.000000 0.270833 0.044643 
 Compar  0.235119 0.267857 0.270833 0.000000 0.261905 
 Ppmz    0.113095 0.062500 0.044643 0.261905 0.000000 


