compatibilityTable_LtoL
          7Zip     Mfc1     Mfc2     Compar   Ppmz    
 7Zip    0.000000 2.500000 2.272727 3.795455 2.045455 
 Mfc1    2.500000 0.000000 0.750000 4.674242 1.280303 
 Mfc2    2.272727 0.750000 0.000000 4.553030 1.106061 
 Compar  3.795455 4.674242 4.553030 0.000000 4.446970 
 Ppmz    2.045455 1.280303 1.106061 4.446970 0.000000 


new_compatibilityTable_LtoL
          7Zip     Mfc1     Mfc2     Compar   Ppmz    
 7Zip    0.000000 0.156250 0.142045 0.237216 0.127841 
 Mfc1    0.156250 0.000000 0.046875 0.292140 0.080019 
 Mfc2    0.142045 0.046875 0.000000 0.284564 0.069129 
 Compar  0.237216 0.292140 0.284564 0.000000 0.277936 
 Ppmz    0.127841 0.080019 0.069129 0.277936 0.000000 


