compatibilityTable_LtoL
          7Zip     Mfc1     Mfc2     Compar   Ppmz    
 7Zip    0.000000 2.333333 2.000000 4.333333 2.000000 
 Mfc1    2.333333 0.000000 1.333333 4.000000 1.666667 
 Mfc2    2.000000 1.333333 0.000000 4.333333 1.000000 
 Compar  4.333333 4.000000 4.333333 0.000000 3.666667 
 Ppmz    2.000000 1.666667 1.000000 3.666667 0.000000 


new_compatibilityTable_LtoL
          7Zip     Mfc1     Mfc2     Compar   Ppmz    
 7Zip    0.000000 0.145833 0.125000 0.270833 0.125000 
 Mfc1    0.145833 0.000000 0.083333 0.250000 0.104167 
 Mfc2    0.125000 0.083333 0.000000 0.270833 0.062500 
 Compar  0.270833 0.250000 0.270833 0.000000 0.229167 
 Ppmz    0.125000 0.104167 0.062500 0.229167 0.000000 


