compatibilityTable_LtoL
          7Zip     Mfc1     Mfc2     Compar   Ppmz    
 7Zip    0.000000 2.450000 2.221429 3.742857 2.000000 
 Mfc1    2.450000 0.000000 0.757143 4.642857 1.271429 
 Mfc2    2.221429 0.757143 0.000000 4.514286 1.085714 
 Compar  3.742857 4.642857 4.514286 0.000000 4.392857 
 Ppmz    2.000000 1.271429 1.085714 4.392857 0.000000 


new_compatibilityTable_LtoL
          7Zip     Mfc1     Mfc2     Compar   Ppmz    
 7Zip    0.000000 0.153125 0.138839 0.233929 0.125000 
 Mfc1    0.153125 0.000000 0.047321 0.290179 0.079464 
 Mfc2    0.138839 0.047321 0.000000 0.282143 0.067857 
 Compar  0.233929 0.290179 0.282143 0.000000 0.274554 
 Ppmz    0.125000 0.079464 0.067857 0.274554 0.000000 


