compatibilityTable_LtoL
          7Zip     Mfc1     Mfc2     Compar   Ppmz    
 7Zip    0.000000 2.404959 2.231405 3.677686 2.041322 
 Mfc1    2.404959 0.000000 0.743802 4.545455 1.247934 
 Mfc2    2.231405 0.743802 0.000000 4.446281 1.082645 
 Compar  3.677686 4.545455 4.446281 0.000000 4.338843 
 Ppmz    2.041322 1.247934 1.082645 4.338843 0.000000 


new_compatibilityTable_LtoL
          7Zip     Mfc1     Mfc2     Compar   Ppmz    
 7Zip    0.000000 0.150310 0.139463 0.229855 0.127583 
 Mfc1    0.150310 0.000000 0.046488 0.284091 0.077996 
 Mfc2    0.139463 0.046488 0.000000 0.277893 0.067665 
 Compar  0.229855 0.284091 0.277893 0.000000 0.271178 
 Ppmz    0.127583 0.077996 0.067665 0.271178 0.000000 


