compatibilityTable_LtoL
          7Zip     Mfc1     Mfc2     Compar   Ppmz    
 7Zip    0.000000 2.114286 1.714286 3.857143 1.714286 
 Mfc1    2.114286 0.000000 0.857143 4.142857 1.142857 
 Mfc2    1.714286 0.857143 0.000000 4.200000 0.800000 
 Compar  3.857143 4.142857 4.200000 0.000000 4.028572 
 Ppmz    1.714286 1.142857 0.800000 4.028572 0.000000 


new_compatibilityTable_LtoL
          7Zip     Mfc1     Mfc2     Compar   Ppmz    
 7Zip    0.000000 0.132143 0.107143 0.241071 0.107143 
 Mfc1    0.132143 0.000000 0.053571 0.258929 0.071429 
 Mfc2    0.107143 0.053571 0.000000 0.262500 0.050000 
 Compar  0.241071 0.258929 0.262500 0.000000 0.251786 
 Ppmz    0.107143 0.071429 0.050000 0.251786 0.000000 


