compatibilityTable_LtoL
          7Zip     Mfc1     Mfc2     Compar   Ppmz    
 7Zip    0.000000 2.208333 1.875000 3.666667 1.791667 
 Mfc1    2.208333 0.000000 0.708333 4.416667 1.041667 
 Mfc2    1.875000 0.708333 0.000000 4.375000 0.750000 
 Compar  3.666667 4.416667 4.375000 0.000000 4.250000 
 Ppmz    1.791667 1.041667 0.750000 4.250000 0.000000 


new_compatibilityTable_LtoL
          7Zip     Mfc1     Mfc2     Compar   Ppmz    
 7Zip    0.000000 0.138021 0.117188 0.229167 0.111979 
 Mfc1    0.138021 0.000000 0.044271 0.276042 0.065104 
 Mfc2    0.117188 0.044271 0.000000 0.273438 0.046875 
 Compar  0.229167 0.276042 0.273438 0.000000 0.265625 
 Ppmz    0.111979 0.065104 0.046875 0.265625 0.000000 


