compatibilityTable_LtoL
          7Zip     Mfc1     Mfc2     Compar   Ppmz    
 7Zip    0.000000 2.448276 2.172414 3.655172 2.068965 
 Mfc1    2.448276 0.000000 0.655172 4.551724 1.068966 
 Mfc2    2.172414 0.655172 0.000000 4.517241 0.862069 
 Compar  3.655172 4.551724 4.517241 0.000000 4.379310 
 Ppmz    2.068965 1.068966 0.862069 4.379310 0.000000 


new_compatibilityTable_LtoL
          7Zip     Mfc1     Mfc2     Compar   Ppmz    
 7Zip    0.000000 0.153017 0.135776 0.228448 0.129310 
 Mfc1    0.153017 0.000000 0.040948 0.284483 0.066810 
 Mfc2    0.135776 0.040948 0.000000 0.282328 0.053879 
 Compar  0.228448 0.284483 0.282328 0.000000 0.273707 
 Ppmz    0.129310 0.066810 0.053879 0.273707 0.000000 


