compatibilityTable_LtoL
          7Zip     Mfc1     Mfc2     Compar   Ppmz    
 7Zip    0.000000 2.404762 2.214286 3.559524 2.035714 
 Mfc1    2.404762 0.000000 0.702381 4.333333 1.142857 
 Mfc2    2.214286 0.702381 0.000000 4.250000 1.000000 
 Compar  3.559524 4.333333 4.250000 0.000000 4.130952 
 Ppmz    2.035714 1.142857 1.000000 4.130952 0.000000 


new_compatibilityTable_LtoL
          7Zip     Mfc1     Mfc2     Compar   Ppmz    
 7Zip    0.000000 0.150298 0.138393 0.222470 0.127232 
 Mfc1    0.150298 0.000000 0.043899 0.270833 0.071429 
 Mfc2    0.138393 0.043899 0.000000 0.265625 0.062500 
 Compar  0.222470 0.270833 0.265625 0.000000 0.258185 
 Ppmz    0.127232 0.071429 0.062500 0.258185 0.000000 


