compatibilityTable_LtoL
          7Zip     Mfc1     Mfc2     Compar   Ppmz    
 7Zip    0.000000 2.375000 2.175000 3.625000 2.025000 
 Mfc1    2.375000 0.000000 0.737500 4.350000 1.150000 
 Mfc2    2.175000 0.737500 0.000000 4.262500 1.000000 
 Compar  3.625000 4.350000 4.262500 0.000000 4.137500 
 Ppmz    2.025000 1.150000 1.000000 4.137500 0.000000 


new_compatibilityTable_LtoL
          7Zip     Mfc1     Mfc2     Compar   Ppmz    
 7Zip    0.000000 0.148438 0.135937 0.226562 0.126563 
 Mfc1    0.148438 0.000000 0.046094 0.271875 0.071875 
 Mfc2    0.135937 0.046094 0.000000 0.266406 0.062500 
 Compar  0.226562 0.271875 0.266406 0.000000 0.258594 
 Ppmz    0.126563 0.071875 0.062500 0.258594 0.000000 


