compatibilityTable_LtoL
          7Zip     Mfc1     Mfc2     Compar   Ppmz    
 7Zip    0.000000 1.760000 1.440000 3.960000 1.360000 
 Mfc1    1.760000 0.000000 0.880000 4.120000 1.040000 
 Mfc2    1.440000 0.880000 0.000000 4.200000 0.640000 
 Compar  3.960000 4.120000 4.200000 0.000000 4.040000 
 Ppmz    1.360000 1.040000 0.640000 4.040000 0.000000 


new_compatibilityTable_LtoL
          7Zip     Mfc1     Mfc2     Compar   Ppmz    
 7Zip    0.000000 0.110000 0.090000 0.247500 0.085000 
 Mfc1    0.110000 0.000000 0.055000 0.257500 0.065000 
 Mfc2    0.090000 0.055000 0.000000 0.262500 0.040000 
 Compar  0.247500 0.257500 0.262500 0.000000 0.252500 
 Ppmz    0.085000 0.065000 0.040000 0.252500 0.000000 


