compatibilityTable_LtoL
          7Zip     Mfc1     Mfc2     Compar   Ppmz    
 7Zip    0.000000 2.378641 2.203883 3.475728 2.058252 
 Mfc1    2.378641 0.000000 0.699029 4.359223 1.184466 
 Mfc2    2.203883 0.699029 0.000000 4.281553 1.038835 
 Compar  3.475728 4.359223 4.281553 0.000000 4.155340 
 Ppmz    2.058252 1.184466 1.038835 4.155340 0.000000 


new_compatibilityTable_LtoL
          7Zip     Mfc1     Mfc2     Compar   Ppmz    
 7Zip    0.000000 0.148665 0.137743 0.217233 0.128641 
 Mfc1    0.148665 0.000000 0.043689 0.272451 0.074029 
 Mfc2    0.137743 0.043689 0.000000 0.267597 0.064927 
 Compar  0.217233 0.272451 0.267597 0.000000 0.259709 
 Ppmz    0.128641 0.074029 0.064927 0.259709 0.000000 


