compatibilityTable_LtoL
          7Zip     Mfc1     Mfc2     Compar   Ppmz    
 7Zip    0.000000 2.666667 1.777778 4.555555 1.777778 
 Mfc1    2.666667 0.000000 1.555556 4.333333 1.777778 
 Mfc2    1.777778 1.555556 0.000000 4.333333 0.666667 
 Compar  4.555555 4.333333 4.333333 0.000000 3.888889 
 Ppmz    1.777778 1.777778 0.666667 3.888889 0.000000 


new_compatibilityTable_LtoL
          7Zip     Mfc1     Mfc2     Compar   Ppmz    
 7Zip    0.000000 0.166667 0.111111 0.284722 0.111111 
 Mfc1    0.166667 0.000000 0.097222 0.270833 0.111111 
 Mfc2    0.111111 0.097222 0.000000 0.270833 0.041667 
 Compar  0.284722 0.270833 0.270833 0.000000 0.243056 
 Ppmz    0.111111 0.111111 0.041667 0.243056 0.000000 


