compatibilityTable_LtoL
          7Zip     Mfc1     Mfc2     Compar   Ppmz    
 7Zip    0.000000 2.000000 1.666667 4.666667 1.333333 
 Mfc1    2.000000 0.000000 1.500000 4.500000 1.333333 
 Mfc2    1.666667 1.500000 0.000000 4.500000 0.833333 
 Compar  4.666667 4.500000 4.500000 0.000000 4.166667 
 Ppmz    1.333333 1.333333 0.833333 4.166667 0.000000 


new_compatibilityTable_LtoL
          7Zip     Mfc1     Mfc2     Compar   Ppmz    
 7Zip    0.000000 0.125000 0.104167 0.291667 0.083333 
 Mfc1    0.125000 0.000000 0.093750 0.281250 0.083333 
 Mfc2    0.104167 0.093750 0.000000 0.281250 0.052083 
 Compar  0.291667 0.281250 0.281250 0.000000 0.260417 
 Ppmz    0.083333 0.083333 0.052083 0.260417 0.000000 


