compatibilityTable_LtoL
          7Zip     Mfc1     Mfc2     Compar   Ppmz    
 7Zip    0.000000 2.593750 2.312500 3.593750 2.218750 
 Mfc1    2.593750 0.000000 0.687500 4.562500 1.062500 
 Mfc2    2.312500 0.687500 0.000000 4.531250 0.937500 
 Compar  3.593750 4.562500 4.531250 0.000000 4.375000 
 Ppmz    2.218750 1.062500 0.937500 4.375000 0.000000 


new_compatibilityTable_LtoL
          7Zip     Mfc1     Mfc2     Compar   Ppmz    
 7Zip    0.000000 0.162109 0.144531 0.224609 0.138672 
 Mfc1    0.162109 0.000000 0.042969 0.285156 0.066406 
 Mfc2    0.144531 0.042969 0.000000 0.283203 0.058594 
 Compar  0.224609 0.285156 0.283203 0.000000 0.273438 
 Ppmz    0.138672 0.066406 0.058594 0.273438 0.000000 


