compatibilityTable_LtoL
          7Zip     Mfc1     Mfc2     Compar   Ppmz    
 7Zip    0.000000 2.429379 2.237288 3.497175 2.067797 
 Mfc1    2.429379 0.000000 0.745763 4.310734 1.186441 
 Mfc2    2.237288 0.745763 0.000000 4.209040 1.039548 
 Compar  3.497175 4.310734 4.209040 0.000000 4.118644 
 Ppmz    2.067797 1.186441 1.039548 4.118644 0.000000 


new_compatibilityTable_LtoL
          7Zip     Mfc1     Mfc2     Compar   Ppmz    
 7Zip    0.000000 0.151836 0.139831 0.218573 0.129237 
 Mfc1    0.151836 0.000000 0.046610 0.269421 0.074153 
 Mfc2    0.139831 0.046610 0.000000 0.263065 0.064972 
 Compar  0.218573 0.269421 0.263065 0.000000 0.257415 
 Ppmz    0.129237 0.074153 0.064972 0.257415 0.000000 


