compatibilityTable_LtoL
          7Zip     Mfc1     Mfc2     Compar   Ppmz    
 7Zip    0.000000 2.385965 2.198830 3.514620 2.023392 
 Mfc1    2.385965 0.000000 0.725146 4.298245 1.146199 
 Mfc2    2.198830 0.725146 0.000000 4.216374 1.005848 
 Compar  3.514620 4.298245 4.216374 0.000000 4.099415 
 Ppmz    2.023392 1.146199 1.005848 4.099415 0.000000 


new_compatibilityTable_LtoL
          7Zip     Mfc1     Mfc2     Compar   Ppmz    
 7Zip    0.000000 0.149123 0.137427 0.219664 0.126462 
 Mfc1    0.149123 0.000000 0.045322 0.268640 0.071637 
 Mfc2    0.137427 0.045322 0.000000 0.263523 0.062865 
 Compar  0.219664 0.268640 0.263523 0.000000 0.256213 
 Ppmz    0.126462 0.071637 0.062865 0.256213 0.000000 


