compatibilityTable_LtoL
          7Zip     Mfc1     Mfc2     Compar   Ppmz    
 7Zip    0.000000 2.354430 2.151899 3.620253 1.987342 
 Mfc1    2.354430 0.000000 0.746835 4.329114 1.126582 
 Mfc2    2.151899 0.746835 0.000000 4.240506 0.974684 
 Compar  3.620253 4.329114 4.240506 0.000000 4.101266 
 Ppmz    1.987342 1.126582 0.974684 4.101266 0.000000 


new_compatibilityTable_LtoL
          7Zip     Mfc1     Mfc2     Compar   Ppmz    
 7Zip    0.000000 0.147152 0.134494 0.226266 0.124209 
 Mfc1    0.147152 0.000000 0.046677 0.270570 0.070411 
 Mfc2    0.134494 0.046677 0.000000 0.265032 0.060918 
 Compar  0.226266 0.270570 0.265032 0.000000 0.256329 
 Ppmz    0.124209 0.070411 0.060918 0.256329 0.000000 


