compatibilityTable_LtoL
          7Zip     Mfc1     Mfc2     Compar   Ppmz    
 7Zip    0.000000 2.364780 2.163522 3.616352 2.000000 
 Mfc1    2.364780 0.000000 0.742138 4.345912 1.119497 
 Mfc2    2.163522 0.742138 0.000000 4.257862 0.968553 
 Compar  3.616352 4.345912 4.257862 0.000000 4.119497 
 Ppmz    2.000000 1.119497 0.968553 4.119497 0.000000 


new_compatibilityTable_LtoL
          7Zip     Mfc1     Mfc2     Compar   Ppmz    
 7Zip    0.000000 0.147799 0.135220 0.226022 0.125000 
 Mfc1    0.147799 0.000000 0.046384 0.271619 0.069969 
 Mfc2    0.135220 0.046384 0.000000 0.266116 0.060535 
 Compar  0.226022 0.271619 0.266116 0.000000 0.257469 
 Ppmz    0.125000 0.069969 0.060535 0.257469 0.000000 


