compatibilityTable_LtoL
          7Zip     Mfc1     Mfc2     Compar   Ppmz    
 7Zip    0.000000 2.328125 2.062500 3.671875 1.921875 
 Mfc1    2.328125 0.000000 0.781250 4.546875 1.125000 
 Mfc2    2.062500 0.781250 0.000000 4.453125 0.953125 
 Compar  3.671875 4.546875 4.453125 0.000000 4.343750 
 Ppmz    1.921875 1.125000 0.953125 4.343750 0.000000 


new_compatibilityTable_LtoL
          7Zip     Mfc1     Mfc2     Compar   Ppmz    
 7Zip    0.000000 0.145508 0.128906 0.229492 0.120117 
 Mfc1    0.145508 0.000000 0.048828 0.284180 0.070312 
 Mfc2    0.128906 0.048828 0.000000 0.278320 0.059570 
 Compar  0.229492 0.284180 0.278320 0.000000 0.271484 
 Ppmz    0.120117 0.070312 0.059570 0.271484 0.000000 


