compatibilityTable_LtoL
          7Zip     Mfc1     Mfc2     Compar   Ppmz    
 7Zip    0.000000 2.446809 2.219858 3.737589 2.000000 
 Mfc1    2.446809 0.000000 0.751773 4.645390 1.262411 
 Mfc2    2.219858 0.751773 0.000000 4.517731 1.078014 
 Compar  3.737589 4.645390 4.517731 0.000000 4.397163 
 Ppmz    2.000000 1.262411 1.078014 4.397163 0.000000 


new_compatibilityTable_LtoL
          7Zip     Mfc1     Mfc2     Compar   Ppmz    
 7Zip    0.000000 0.152926 0.138741 0.233599 0.125000 
 Mfc1    0.152926 0.000000 0.046986 0.290337 0.078901 
 Mfc2    0.138741 0.046986 0.000000 0.282358 0.067376 
 Compar  0.233599 0.290337 0.282358 0.000000 0.274823 
 Ppmz    0.125000 0.078901 0.067376 0.274823 0.000000 


