compatibilityTable_LtoL
          7Zip     Mfc1     Mfc2     Compar   Ppmz    
 7Zip    0.000000 4.000000 3.333333 5.000000 4.000000 
 Mfc1    4.000000 0.000000 2.666667 3.666667 2.666667 
 Mfc2    3.333333 2.666667 0.000000 4.333333 1.333333 
 Compar  5.000000 3.666667 4.333333 0.000000 3.666667 
 Ppmz    4.000000 2.666667 1.333333 3.666667 0.000000 


new_compatibilityTable_LtoL
          7Zip     Mfc1     Mfc2     Compar   Ppmz    
 7Zip    0.000000 0.250000 0.208333 0.312500 0.250000 
 Mfc1    0.250000 0.000000 0.166667 0.229167 0.166667 
 Mfc2    0.208333 0.166667 0.000000 0.270833 0.083333 
 Compar  0.312500 0.229167 0.270833 0.000000 0.229167 
 Ppmz    0.250000 0.166667 0.083333 0.229167 0.000000 


