compatibilityTable_LtoL
          7Zip     Mfc1     Mfc2     Compar   Ppmz    
 7Zip    0.000000 2.320346 2.173160 3.571429 2.025974 
 Mfc1    2.320346 0.000000 0.718615 4.411255 1.203463 
 Mfc2    2.173160 0.718615 0.000000 4.316017 1.064935 
 Compar  3.571429 4.411255 4.316017 0.000000 4.229437 
 Ppmz    2.025974 1.203463 1.064935 4.229437 0.000000 


new_compatibilityTable_LtoL
          7Zip     Mfc1     Mfc2     Compar   Ppmz    
 7Zip    0.000000 0.145022 0.135823 0.223214 0.126623 
 Mfc1    0.145022 0.000000 0.044913 0.275703 0.075216 
 Mfc2    0.135823 0.044913 0.000000 0.269751 0.066558 
 Compar  0.223214 0.275703 0.269751 0.000000 0.264340 
 Ppmz    0.126623 0.075216 0.066558 0.264340 0.000000 


