compatibilityTable_LtoL
          7Zip     Mfc1     Mfc2     Compar   Ppmz    
 7Zip    0.000000 1.826087 1.478261 4.130435 1.391304 
 Mfc1    1.826087 0.000000 0.956522 4.217391 1.130435 
 Mfc2    1.478261 0.956522 0.000000 4.304348 0.695652 
 Compar  4.130435 4.217391 4.304348 0.000000 4.130435 
 Ppmz    1.391304 1.130435 0.695652 4.130435 0.000000 


new_compatibilityTable_LtoL
          7Zip     Mfc1     Mfc2     Compar   Ppmz    
 7Zip    0.000000 0.114130 0.092391 0.258152 0.086957 
 Mfc1    0.114130 0.000000 0.059783 0.263587 0.070652 
 Mfc2    0.092391 0.059783 0.000000 0.269022 0.043478 
 Compar  0.258152 0.263587 0.269022 0.000000 0.258152 
 Ppmz    0.086957 0.070652 0.043478 0.258152 0.000000 


