compatibilityTable_LtoL
          7Zip     Mfc1     Mfc2     Compar   Ppmz    
 7Zip    0.000000 2.403361 2.134454 3.789916 2.000000 
 Mfc1    2.403361 0.000000 0.823529 4.663866 1.142857 
 Mfc2    2.134454 0.823529 0.000000 4.579832 0.974790 
 Compar  3.789916 4.663866 4.579832 0.000000 4.512605 
 Ppmz    2.000000 1.142857 0.974790 4.512605 0.000000 


new_compatibilityTable_LtoL
          7Zip     Mfc1     Mfc2     Compar   Ppmz    
 7Zip    0.000000 0.150210 0.133403 0.236870 0.125000 
 Mfc1    0.150210 0.000000 0.051471 0.291492 0.071429 
 Mfc2    0.133403 0.051471 0.000000 0.286240 0.060924 
 Compar  0.236870 0.291492 0.286240 0.000000 0.282038 
 Ppmz    0.125000 0.071429 0.060924 0.282038 0.000000 


