compatibilityTable_LtoL
          7Zip     Mfc1     Mfc2     Compar   Ppmz    
 7Zip    0.000000 2.386364 2.215909 3.500000 2.045455 
 Mfc1    2.386364 0.000000 0.715909 4.272727 1.159091 
 Mfc2    2.215909 0.715909 0.000000 4.204545 1.011364 
 Compar  3.500000 4.272727 4.204545 0.000000 4.102273 
 Ppmz    2.045455 1.159091 1.011364 4.102273 0.000000 


new_compatibilityTable_LtoL
          7Zip     Mfc1     Mfc2     Compar   Ppmz    
 7Zip    0.000000 0.149148 0.138494 0.218750 0.127841 
 Mfc1    0.149148 0.000000 0.044744 0.267045 0.072443 
 Mfc2    0.138494 0.044744 0.000000 0.262784 0.063210 
 Compar  0.218750 0.267045 0.262784 0.000000 0.256392 
 Ppmz    0.127841 0.072443 0.063210 0.256392 0.000000 


