compatibilityTable_LtoL
          7Zip     Mfc1     Mfc2     Compar   Ppmz    
 7Zip    0.000000 2.469945 2.295082 3.491803 2.120219 
 Mfc1    2.469945 0.000000 0.732240 4.333333 1.169399 
 Mfc2    2.295082 0.732240 0.000000 4.245902 1.038251 
 Compar  3.491803 4.333333 4.245902 0.000000 4.136612 
 Ppmz    2.120219 1.169399 1.038251 4.136612 0.000000 


new_compatibilityTable_LtoL
          7Zip     Mfc1     Mfc2     Compar   Ppmz    
 7Zip    0.000000 0.154372 0.143443 0.218238 0.132514 
 Mfc1    0.154372 0.000000 0.045765 0.270833 0.073087 
 Mfc2    0.143443 0.045765 0.000000 0.265369 0.064891 
 Compar  0.218238 0.270833 0.265369 0.000000 0.258538 
 Ppmz    0.132514 0.073087 0.064891 0.258538 0.000000 


