compatibilityTable_LtoL
          7Zip     Mfc1     Mfc2     Compar   Ppmz    
 7Zip    0.000000 2.396039 2.217822 3.475248 2.089109 
 Mfc1    2.396039 0.000000 0.712871 4.346535 1.188119 
 Mfc2    2.217822 0.712871 0.000000 4.267327 1.039604 
 Compar  3.475248 4.346535 4.267327 0.000000 4.158416 
 Ppmz    2.089109 1.188119 1.039604 4.158416 0.000000 


new_compatibilityTable_LtoL
          7Zip     Mfc1     Mfc2     Compar   Ppmz    
 7Zip    0.000000 0.149752 0.138614 0.217203 0.130569 
 Mfc1    0.149752 0.000000 0.044554 0.271658 0.074257 
 Mfc2    0.138614 0.044554 0.000000 0.266708 0.064975 
 Compar  0.217203 0.271658 0.266708 0.000000 0.259901 
 Ppmz    0.130569 0.074257 0.064975 0.259901 0.000000 


