compatibilityTable_LtoL
          7Zip     Mfc1     Mfc2     Compar   Ppmz    
 7Zip    0.000000 1.764706 1.294118 4.529412 1.058824 
 Mfc1    1.764706 0.000000 1.294118 4.176471 1.176471 
 Mfc2    1.294118 1.294118 0.000000 4.294117 0.588235 
 Compar  4.529412 4.176471 4.294117 0.000000 4.058824 
 Ppmz    1.058824 1.176471 0.588235 4.058824 0.000000 


new_compatibilityTable_LtoL
          7Zip     Mfc1     Mfc2     Compar   Ppmz    
 7Zip    0.000000 0.110294 0.080882 0.283088 0.066176 
 Mfc1    0.110294 0.000000 0.080882 0.261029 0.073529 
 Mfc2    0.080882 0.080882 0.000000 0.268382 0.036765 
 Compar  0.283088 0.261029 0.268382 0.000000 0.253676 
 Ppmz    0.066176 0.073529 0.036765 0.253676 0.000000 


