compatibilityTable_LtoL
          7Zip     Mfc1     Mfc2     Compar   Ppmz    
 7Zip    0.000000 2.370732 2.195122 3.487805 2.058537 
 Mfc1    2.370732 0.000000 0.702439 4.356098 1.180488 
 Mfc2    2.195122 0.702439 0.000000 4.278049 1.034146 
 Compar  3.487805 4.356098 4.278049 0.000000 4.160975 
 Ppmz    2.058537 1.180488 1.034146 4.160975 0.000000 


new_compatibilityTable_LtoL
          7Zip     Mfc1     Mfc2     Compar   Ppmz    
 7Zip    0.000000 0.148171 0.137195 0.217988 0.128659 
 Mfc1    0.148171 0.000000 0.043902 0.272256 0.073780 
 Mfc2    0.137195 0.043902 0.000000 0.267378 0.064634 
 Compar  0.217988 0.272256 0.267378 0.000000 0.260061 
 Ppmz    0.128659 0.073780 0.064634 0.260061 0.000000 


