compatibilityTable_LtoL
          7Zip     Mfc1     Mfc2     Compar   Ppmz    
 7Zip    0.000000 2.320000 2.093333 3.560000 1.946667 
 Mfc1    2.320000 0.000000 0.733333 4.293334 1.080000 
 Mfc2    2.093333 0.733333 0.000000 4.213333 0.933333 
 Compar  3.560000 4.293334 4.213333 0.000000 4.080000 
 Ppmz    1.946667 1.080000 0.933333 4.080000 0.000000 


new_compatibilityTable_LtoL
          7Zip     Mfc1     Mfc2     Compar   Ppmz    
 7Zip    0.000000 0.145000 0.130833 0.222500 0.121667 
 Mfc1    0.145000 0.000000 0.045833 0.268333 0.067500 
 Mfc2    0.130833 0.045833 0.000000 0.263333 0.058333 
 Compar  0.222500 0.268333 0.263333 0.000000 0.255000 
 Ppmz    0.121667 0.067500 0.058333 0.255000 0.000000 


