compatibilityTable_LtoL
          7Zip     Mfc1     Mfc2     Compar   Ppmz    
 7Zip    0.000000 2.498141 2.260223 3.802974 2.029740 
 Mfc1    2.498141 0.000000 0.773234 4.695167 1.301115 
 Mfc2    2.260223 0.773234 0.000000 4.568773 1.107807 
 Compar  3.802974 4.695167 4.568773 0.000000 4.457249 
 Ppmz    2.029740 1.301115 1.107807 4.457249 0.000000 


new_compatibilityTable_LtoL
          7Zip     Mfc1     Mfc2     Compar   Ppmz    
 7Zip    0.000000 0.156134 0.141264 0.237686 0.126859 
 Mfc1    0.156134 0.000000 0.048327 0.293448 0.081320 
 Mfc2    0.141264 0.048327 0.000000 0.285548 0.069238 
 Compar  0.237686 0.293448 0.285548 0.000000 0.278578 
 Ppmz    0.126859 0.081320 0.069238 0.278578 0.000000 


