compatibilityTable_LtoL
          7Zip     Mfc1     Mfc2     Compar   Ppmz    
 7Zip    0.000000 2.428571 2.142857 3.571429 2.035714 
 Mfc1    2.428571 0.000000 0.678571 4.464286 1.107143 
 Mfc2    2.142857 0.678571 0.000000 4.428571 0.892857 
 Compar  3.571429 4.464286 4.428571 0.000000 4.285714 
 Ppmz    2.035714 1.107143 0.892857 4.285714 0.000000 


new_compatibilityTable_LtoL
          7Zip     Mfc1     Mfc2     Compar   Ppmz    
 7Zip    0.000000 0.151786 0.133929 0.223214 0.127232 
 Mfc1    0.151786 0.000000 0.042411 0.279018 0.069196 
 Mfc2    0.133929 0.042411 0.000000 0.276786 0.055804 
 Compar  0.223214 0.279018 0.276786 0.000000 0.267857 
 Ppmz    0.127232 0.069196 0.055804 0.267857 0.000000 


